wl(nm) 	eps1				eps2
250	-1.09396880092933	4.44984244495349
251	-1.10665043922682	4.47871364592226
252	-1.11933207752432	4.50758484689102
253	-1.13201371582181	4.53645604785979
254	-1.1446953541193	4.56532724882856
255	-1.15737699241679	4.59419844979732
256	-1.17005863071428	4.62306965076609
257	-1.18274026901178	4.65194085173486
258	-1.19542190730927	4.68081205270362
259	-1.20810354560676	4.70968325367239
260	-1.22078518390425	4.73855445464116
261	-1.22837402886228	4.76924113027626
262	-1.23596287382031	4.79992780591137
263	-1.24355171877833	4.83061448154648
264	-1.25114056373636	4.86130115718158
265	-1.25872940869439	4.89198783281669
266	-1.26631825365241	4.92267450845179
267	-1.27390709861044	4.9533611840869
268	-1.28149594356847	4.984047859722
269	-1.2890847885265	5.01473453535711
270	-1.29667363348452	5.04542121099222
271	-1.29858010919725	5.075970467227
272	-1.30048658490998	5.10651972346178
273	-1.30239306062271	5.13706897969656
274	-1.30429953633544	5.16761823593134
275	-1.30620601204817	5.19816749216612
276	-1.3081124877609	5.2287167484009
277	-1.31001896347363	5.25926600463568
278	-1.31192543918636	5.28981526087046
279	-1.31383191489909	5.32036451710524
280	-1.31573839061182	5.35091377334002
281	-1.31197138552688	5.37919870493002
282	-1.30820438044194	5.40748363652002
283	-1.30443737535699	5.43576856811002
284	-1.30067037027205	5.46405349970003
285	-1.29690336518711	5.49233843129003
286	-1.29313636010216	5.52062336288003
287	-1.28936935501722	5.54890829447004
288	-1.28560234993228	5.57719322606004
289	-1.28183534484733	5.60547815765004
290	-1.27806833976239	5.63376308924005
291	-1.26937220576116	5.65764187975354
292	-1.26067607175992	5.68152067026704
293	-1.25197993775869	5.70539946078053
294	-1.24328380375746	5.72927825129403
295	-1.23458766975623	5.75315704180752
296	-1.22589153575499	5.77703583232102
297	-1.21719540175376	5.80091462283451
298	-1.20849926775253	5.82479341334801
299	-1.1998031337513	5.84867220386151
300	-1.19110699975006	5.872550994375
301	-1.17905321526273	5.8901605844539
302	-1.16699943077539	5.90777017453279
303	-1.15494564628806	5.92537976461169
304	-1.14289186180072	5.94298935469059
305	-1.13083807731339	5.96059894476948
306	-1.11878429282605	5.97820853484838
307	-1.10673050833872	5.99581812492728
308	-1.09467672385138	6.01342771500617
309	-1.08262293936405	6.03103730508507
310	-1.07056915487671	6.04864689516397
311	-1.05748866151511	6.05880887244092
312	-1.0444081681535	6.06897084971786
313	-1.0313276747919	6.07913282699481
314	-1.01824718143029	6.08929480427176
315	-1.00516668806869	6.09945678154871
316	-0.992086194707084	6.10961875882566
317	-0.979005701345479	6.11978073610261
318	-0.965925207983874	6.12994271337955
319	-0.952844714622269	6.1401046906565
320	-0.939764221260665	6.15026666793345
321	-0.92842295353358	6.15289133121828
322	-0.917081685806496	6.15551599450311
323	-0.905740418079412	6.15814065778794
324	-0.894399150352327	6.16076532107277
325	-0.883057882625243	6.1633899843576
326	-0.871716614898159	6.16601464764242
327	-0.860375347171074	6.16863931092725
328	-0.84903407944399	6.17126397421208
329	-0.837692811716905	6.17388863749691
330	-0.826351543989821	6.17651330078174
331	-0.819368132094896	6.17281178743269
332	-0.812384720199971	6.16911027408364
333	-0.805401308305046	6.16540876073458
334	-0.798417896410122	6.16170724738553
335	-0.791434484515197	6.15800573403648
336	-0.784451072620272	6.15430422068743
337	-0.777467660725347	6.15060270733837
338	-0.770484248830422	6.14690119398932
339	-0.763500836935497	6.14319968064027
340	-0.756517425040572	6.13949816729122
341	-0.755673923280081	6.13182985693211
342	-0.754830421519591	6.124161546573
343	-0.7539869197591	6.11649323621389
344	-0.753143417998609	6.10882492585478
345	-0.752299916238118	6.10115661549567
346	-0.751456414477627	6.09348830513656
347	-0.750612912717136	6.08581999477745
348	-0.749769410956646	6.07815168441834
349	-0.748925909196155	6.07048337405923
350	-0.748082407435664	6.06281506370012
351	-0.753787288990677	6.05413989445392
352	-0.759492170545689	6.04546472520772
353	-0.765197052100702	6.03678955596152
354	-0.770901933655714	6.02811438671533
355	-0.776606815210727	6.01943921746913
356	-0.782311696765739	6.01076404822293
357	-0.788016578320752	6.00208887897673
358	-0.793721459875764	5.99341370973053
359	-0.799426341430777	5.98473854048433
360	-0.80513122298579	5.97606337123813
361	-0.816258869925709	5.96916039336556
362	-0.827386516865629	5.96225741549298
363	-0.838514163805549	5.95535443762041
364	-0.849641810745468	5.94845145974784
365	-0.860769457685388	5.94154848187526
366	-0.871897104625308	5.93464550400269
367	-0.883024751565228	5.92774252613011
368	-0.894152398505147	5.92083954825754
369	-0.905280045445067	5.91393657038497
370	-0.916407692384987	5.90703359251239
371	-0.930574295275153	5.90374949692791
372	-0.94474089816532	5.90046540134342
373	-0.958907501055486	5.89718130575894
374	-0.973074103945652	5.89389721017445
375	-0.987240706835819	5.89061311458997
376	-1.00140730972599	5.88732901900548
377	-1.01557391261615	5.88404492342099
378	-1.02974051550632	5.88076082783651
379	-1.04390711839648	5.87747673225202
380	-1.05807372128665	5.87419263666754
381	-1.07224053034886	5.87493793663946
382	-1.08640733941106	5.87568323661139
383	-1.10057414847327	5.87642853658332
384	-1.11474095753547	5.87717383655525
385	-1.12890776659768	5.87791913652718
386	-1.14307457565988	5.87866443649911
387	-1.15724138472209	5.87940973647103
388	-1.17140819378429	5.88015503644296
389	-1.1855750028465	5.88090033641489
390	-1.19974181190871	5.88164563638682
391	-1.21096947437438	5.88523419235333
392	-1.22219713684006	5.88882274831983
393	-1.23342479930573	5.89241130428634
394	-1.24465246177141	5.89599986025285
395	-1.25588012423708	5.89958841621936
396	-1.26710778670276	5.90317697218587
397	-1.27833544916843	5.90676552815237
398	-1.28956311163411	5.91035408411888
399	-1.30079077409978	5.91394264008539
400	-1.31201843656546	5.9175311960519
401	-1.31821851269206	5.92137068995468
402	-1.32441858881867	5.92521018385747
403	-1.33061866494528	5.92904967776026
404	-1.33681874107189	5.93288917166305
405	-1.34301881719849	5.93672866556584
406	-1.3492188933251	5.94056815946863
407	-1.35541896945171	5.94440765337142
408	-1.36161904557832	5.9482471472742
409	-1.36781912170492	5.95208664117699
410	-1.37401919783153	5.95592613507978
411	-1.37457263728398	5.95654288739837
412	-1.37512607673643	5.95715963971696
413	-1.37567951618889	5.95777639203555
414	-1.37623295564134	5.95839314435413
415	-1.37678639509379	5.95900989667272
416	-1.37733983454624	5.95962664899131
417	-1.37789327399869	5.9602434013099
418	-1.37844671345115	5.96086015362849
419	-1.3790001529036	5.96147690594708
420	-1.37955359235605	5.96209365826566
421	-1.37563860001287	5.95595017137554
422	-1.3717236076697	5.94980668448542
423	-1.36780861532652	5.9436631975953
424	-1.36389362298334	5.93751971070518
425	-1.35997863064017	5.93137622381507
426	-1.35606363829699	5.92523273692495
427	-1.35214864595381	5.91908925003483
428	-1.34823365361063	5.91294576314471
429	-1.34431866126746	5.90680227625459
430	-1.34040366892428	5.90065878936447
431	-1.33483802325233	5.88512280698216
432	-1.32927237758039	5.86958682459985
433	-1.32370673190844	5.85405084221755
434	-1.3181410862365	5.83851485983524
435	-1.31257544056455	5.82297887745294
436	-1.3070097948926	5.80744289507063
437	-1.30144414922066	5.79190691268833
438	-1.29587850354871	5.77637093030602
439	-1.29031285787677	5.76083494792371
440	-1.28474721220482	5.74529896554141
441	-1.28114270485109	5.71947127812315
442	-1.27753819749736	5.69364359070489
443	-1.27393369014363	5.66781590328663
444	-1.2703291827899	5.64198821586838
445	-1.26672467543617	5.61616052845012
446	-1.26312016808244	5.59033284103186
447	-1.25951566072871	5.5645051536136
448	-1.25591115337498	5.53867746619534
449	-1.25230664602125	5.51284977877709
450	-1.24870213866751	5.48702209135883
451	-1.24998843966208	5.45071058725925
452	-1.25127474065664	5.41439908315968
453	-1.2525610416512	5.3780875790601
454	-1.25384734264576	5.34177607496052
455	-1.25513364364032	5.30546457086095
456	-1.25641994463488	5.26915306676137
457	-1.25770624562944	5.2328415626618
458	-1.258992546624	5.19653005856222
459	-1.26027884761856	5.16021855446264
460	-1.26156514861312	5.12390705036307
461	-1.27271205592576	5.07829477383198
462	-1.2838589632384	5.0326824973009
463	-1.29500587055104	4.98707022076981
464	-1.30615277786367	4.94145794423873
465	-1.31729968517631	4.89584566770764
466	-1.32844659248895	4.85023339117656
467	-1.33959349980159	4.80462111464547
468	-1.35074040711422	4.75900883811438
469	-1.36188731442686	4.7133965615833
470	-1.3730342217395	4.66778428505221
471	-1.39673257591527	4.61722902814705
472	-1.42043093009104	4.56667377124188
473	-1.44412928426681	4.51611851433672
474	-1.46782763844257	4.46556325743155
475	-1.49152599261834	4.41500800052639
476	-1.51522434679411	4.36445274362122
477	-1.53892270096988	4.31389748671606
478	-1.56262105514565	4.26334222981089
479	-1.58631940932142	4.21278697290573
480	-1.61001776349719	4.16223171600056
481	-1.6465673718581	4.11104100771984
482	-1.68311698021901	4.05985029943911
483	-1.71966658857991	4.00865959115838
484	-1.75621619694082	3.95746888287765
485	-1.79276580530173	3.90627817459693
486	-1.82931541366264	3.8550874663162
487	-1.86586502202355	3.80389675803547
488	-1.90241463038445	3.75270604975475
489	-1.93896423874536	3.70151534147402
490	-1.97551384710627	3.65032463319329
491	-2.0236486196276	3.60205262884249
492	-2.07178339214894	3.55378062449169
493	-2.11991816467027	3.5055086201409
494	-2.1680529371916	3.4572366157901
495	-2.21618770971293	3.4089646114393
496	-2.26432248223427	3.3606926070885
497	-2.3124572547556	3.3124206027377
498	-2.36059202727693	3.2641485983869
499	-2.40872679979826	3.2158765940361
500	-2.4568615723196	3.16760458968531
501	-2.51440603012683	3.12473397180163
502	-2.57195048793407	3.08186335391796
503	-2.62949494574131	3.03899273603429
504	-2.68703940354855	2.99612211815062
505	-2.74458386135578	2.95325150026695
506	-2.80212831916302	2.91038088238328
507	-2.85967277697026	2.86751026449961
508	-2.9172172347775	2.82463964661594
509	-2.97476169258474	2.78176902873227
510	-3.03230615039197	2.73889841084859
511	-3.09672607839504	2.70281275815826
512	-3.16114600639811	2.66672710546793
513	-3.22556593440117	2.6306414527776
514	-3.28998586240424	2.59455580008727
515	-3.35440579040731	2.55847014739693
516	-3.41882571841037	2.5223844947066
517	-3.48324564641344	2.48629884201627
518	-3.54766557441651	2.45021318932594
519	-3.61208550241957	2.41412753663561
520	-3.67650543042264	2.37804188394527
521	-3.74530697446669	2.34915954237835
522	-3.81410851851074	2.32027720081142
523	-3.8829100625548	2.29139485924449
524	-3.95171160659885	2.26251251767756
525	-4.0205131506429	2.23363017611064
526	-4.08931469468695	2.20474783454371
527	-4.158116238731	2.17586549297678
528	-4.22691778277506	2.14698315140985
529	-4.29571932681911	2.11810080984292
530	-4.36452087086316	2.089218468276
531	-4.43551393600446	2.06719240801024
532	-4.50650700114575	2.04516634774448
533	-4.57750006628705	2.02314028747873
534	-4.64849313142834	2.00111422721297
535	-4.71948619656964	1.97908816694721
536	-4.79047926171093	1.95706210668146
537	-4.86147232685223	1.9350360464157
538	-4.93246539199352	1.91300998614994
539	-5.00345845713482	1.89098392588419
540	-5.07445152227612	1.86895786561843
541	-5.14591031424092	1.85289646496046
542	-5.21736910620573	1.83683506430249
543	-5.28882789817054	1.82077366364452
544	-5.36028669013535	1.80471226298655
545	-5.43174548210016	1.78865086232858
546	-5.50320427406497	1.77258946167061
547	-5.57466306602978	1.75652806101264
548	-5.64612185799459	1.74046666035467
549	-5.7175806499594	1.72440525969671
550	-5.7890394419242	1.70834385903874
551	-5.85978081570071	1.69703487608263
552	-5.93052218947721	1.68572589312653
553	-6.00126356325371	1.67441691017043
554	-6.07200493703021	1.66310792721432
555	-6.14274631080672	1.65179894425822
556	-6.21348768458322	1.64048996130212
557	-6.28422905835972	1.62918097834602
558	-6.35497043213622	1.61787199538991
559	-6.42571180591272	1.60656301243381
560	-6.49645317968923	1.59525402947771
561	-6.56584133613874	1.58737777658427
562	-6.63522949258826	1.57950152369084
563	-6.70461764903778	1.5716252707974
564	-6.7740058054873	1.56374901790397
565	-6.84339396193682	1.55587276501054
566	-6.91278211838633	1.5479965121171
567	-6.98217027483585	1.54012025922367
568	-7.05155843128537	1.53224400633023
569	-7.12094658773489	1.5243677534368
570	-7.1903347441844	1.51649150054337
571	-7.25822032563755	1.51080471408518
572	-7.3261059070907	1.505117927627
573	-7.39399148854384	1.49943114116882
574	-7.46187706999699	1.49374435471064
575	-7.52976265145013	1.48805756825246
576	-7.59764823290328	1.48237078179427
577	-7.66553381435642	1.47668399533609
578	-7.73341939580957	1.47099720887791
579	-7.80130497726271	1.46531042241973
580	-7.86919055871586	1.45962363596154
581	-7.93579988259247	1.45509524666396
582	-8.00240920646909	1.45056685736638
583	-8.06901853034571	1.4460384680688
584	-8.13562785422233	1.44151007877122
585	-8.20223717809895	1.43698168947364
586	-8.26884650197557	1.43245330017606
587	-8.33545582585218	1.42792491087848
588	-8.4020651497288	1.4233965215809
589	-8.46867447360542	1.41886813228332
590	-8.53528379748204	1.41433974298574
591	-8.60108191436385	1.41022705482887
592	-8.66688003124567	1.406114366672
593	-8.73267814812749	1.40200167851513
594	-8.7984762650093	1.39788899035826
595	-8.86427438189112	1.3937763022014
596	-8.93007249877294	1.38966361404453
597	-8.99587061565476	1.38555092588766
598	-9.06166873253657	1.38143823773079
599	-9.12746684941839	1.37732554957392
600	-9.19326496630021	1.37321286141705
601	-9.25881849729786	1.36907834907135
602	-9.32437202829552	1.36494383672565
603	-9.38992555929318	1.36080932437996
604	-9.45547909029084	1.35667481203426
605	-9.5210326212885	1.35254029968856
606	-9.58658615228616	1.34840578734287
607	-9.65213968328382	1.34427127499717
608	-9.71769321428148	1.34013676265147
609	-9.78324674527913	1.33600225030577
610	-9.84880027627679	1.33186773796008
611	-9.91466130534044	1.32754759223587
612	-9.98052233440409	1.32322744651165
613	-10.0463833634677	1.31890730078744
614	-10.1122443925314	1.31458715506323
615	-10.178105421595	1.31026700933902
616	-10.2439664506587	1.30594686361481
617	-10.3098274797223	1.3016267178906
618	-10.375688508786	1.29730657216639
619	-10.4415495378496	1.29298642644218
620	-10.5074105669133	1.28866628071797
621	-10.5740339131294	1.28420825494541
622	-10.6406572593456	1.27975022917285
623	-10.7072806055618	1.27529220340029
624	-10.773903951778	1.27083417762773
625	-10.8405272979942	1.26637615185517
626	-10.9071506442104	1.26191812608261
627	-10.9737739904266	1.25746010031005
628	-11.0403973366428	1.25300207453749
629	-11.107020682859	1.24854404876493
630	-11.1736440290751	1.24408602299237
631	-11.2413400156862	1.23967518166892
632	-11.3090360022972	1.23526434034547
633	-11.3767319889082	1.23085349902201
634	-11.4444279755193	1.22644265769856
635	-11.5121239621303	1.2220318163751
636	-11.5798199487413	1.21762097505165
637	-11.6475159353524	1.21321013372819
638	-11.7152119219634	1.20879929240474
639	-11.7829079085744	1.20438845108128
640	-11.8506038951855	1.19997760975783
641	-11.9195187026977	1.19586533571425
642	-11.9884335102099	1.19175306167068
643	-12.0573483177222	1.1876407876271
644	-12.1262631252344	1.18352851358353
645	-12.1951779327466	1.17941623953995
646	-12.2640927402588	1.17530396549637
647	-12.3330075477711	1.1711916914528
648	-12.4019223552833	1.16707941740922
649	-12.4708371627955	1.16296714336565
650	-12.5397519703077	1.15885486932207
651	-12.6098493701365	1.15530106788233
652	-12.6799467699653	1.15174726644258
653	-12.7500441697941	1.14819346500284
654	-12.8201415696229	1.1446396635631
655	-12.8902389694517	1.14108586212335
656	-12.9603363692805	1.13753206068361
657	-13.0304337691092	1.13397825924387
658	-13.100531168938	1.13042445780412
659	-13.1706285687668	1.12687065636438
660	-13.2407259685956	1.12331685492464
661	-13.311689196594	1.12034541225662
662	-13.3826524245924	1.1173739695886
663	-13.4536156525909	1.11440252692058
664	-13.5245788805893	1.11143108425256
665	-13.5955421085877	1.10845964158455
666	-13.6665053365861	1.10548819891653
667	-13.7374685645845	1.10251675624851
668	-13.8084317925829	1.09954531358049
669	-13.8793950205813	1.09657387091247
670	-13.9503582485798	1.09360242824446
671	-14.0223569191311	1.09093446931571
672	-14.0943555896824	1.08826651038697
673	-14.1663542602337	1.08559855145823
674	-14.2383529307851	1.08293059252949
675	-14.3103516013364	1.08026263360074
676	-14.3823502718877	1.077594674672
677	-14.4543489424391	1.07492671574326
678	-14.5263476129904	1.07225875681452
679	-14.5983462835417	1.06959079788577
680	-14.6703449540931	1.06692283895703
681	-14.743518380202	1.06473777281095
682	-14.816691806311	1.06255270666488
683	-14.88986523242	1.0603676405188
684	-14.963038658529	1.05818257437272
685	-15.036212084638	1.05599750822664
686	-15.109385510747	1.05381244208057
687	-15.182558936856	1.05162737593449
688	-15.2557323629649	1.04944230978841
689	-15.3289057890739	1.04725724364233
690	-15.4020792151829	1.04507217749626
691	-15.4763842360969	1.04349938009568
692	-15.5506892570109	1.04192658269509
693	-15.6249942779249	1.04035378529451
694	-15.699299298839	1.03878098789393
695	-15.773604319753	1.03720819049335
696	-15.847909340667	1.03563539309277
697	-15.922214361581	1.03406259569219
698	-15.996519382495	1.03248979829161
699	-16.070824403409	1.03091700089103
700	-16.145129424323	1.02934420349044
701	-16.2204784853147	1.02844972726762
702	-16.2958275463065	1.02755525104479
703	-16.3711766072982	1.02666077482197
704	-16.4465256682899	1.02576629859914
705	-16.5218747292817	1.02487182237632
706	-16.5972237902734	1.02397734615349
707	-16.6725728512651	1.02308286993067
708	-16.7479219122569	1.02218839370784
709	-16.8232709732486	1.02129391748501
710	-16.8986200342403	1.02039944126219
711	-16.9749179561672	1.02019994100194
712	-17.0512158780941	1.0200004407417
713	-17.127513800021	1.01980094048145
714	-17.2038117219479	1.0196014402212
715	-17.2801096438748	1.01940193996096
716	-17.3564075658017	1.01920243970071
717	-17.4327054877286	1.01900293944046
718	-17.5090034096555	1.01880343918022
719	-17.5853013315824	1.01860393891997
720	-17.6615992535093	1.01840443865972
721	-17.7387601671613	1.01888110480822
722	-17.8159210808132	1.01935777095671
723	-17.8930819944651	1.01983443710521
724	-17.9702429081171	1.0203111032537
725	-18.047403821769	1.0207877694022
726	-18.124564735421	1.02126443555069
727	-18.2017256490729	1.02174110169919
728	-18.2788865627248	1.02221776784768
729	-18.3560474763768	1.02269443399618
730	-18.4332083900287	1.02317110014467
731	-18.511163177576	1.02428207670628
732	-18.5891179651232	1.02539305326788
733	-18.6670727526705	1.02650402982948
734	-18.7450275402177	1.02761500639108
735	-18.822982327765	1.02872598295269
736	-18.9009371153122	1.02983695951429
737	-18.9788919028595	1.03094793607589
738	-19.0568466904067	1.03205891263749
739	-19.134801477954	1.0331698891991
740	-19.2127562655012	1.0342808657607
741	-19.2914547381183	1.03597141646726
742	-19.3701532107354	1.03766196717382
743	-19.4488516833525	1.03935251788038
744	-19.5275501559695	1.04104306858694
745	-19.6062486285866	1.04273361929351
746	-19.6849471012037	1.04442417000007
747	-19.7636455738208	1.04611472070663
748	-19.8423440464378	1.04780527141319
749	-19.9210425190549	1.04949582211975
750	-19.999740991672	1.05118637282631
751	-20.0791510618859	1.05339658404778
752	-20.1585611320998	1.05560679526924
753	-20.2379712023136	1.05781700649071
754	-20.3173812725275	1.06002721771217
755	-20.3967913427414	1.06223742893364
756	-20.4762014129553	1.0644476401551
757	-20.5556114831691	1.06665785137657
758	-20.635021553383	1.06886806259803
759	-20.7144316235969	1.0710782738195
760	-20.7938416938108	1.07328848504096
761	-20.8739469323485	1.07595870141208
762	-20.9540521708862	1.07862891778319
763	-21.034157409424	1.08129913415431
764	-21.1142626479617	1.08396935052543
765	-21.1943678864994	1.08663956689654
766	-21.2744731250371	1.08930978326766
767	-21.3545783635748	1.09197999963877
768	-21.4346836021126	1.09465021600989
769	-21.5147888406503	1.097320432381
770	-21.594894079188	1.09999064875212
771	-21.6756906924595	1.10306497134032
772	-21.7564873057309	1.10613929392852
773	-21.8372839190024	1.10921361651672
774	-21.9180805322739	1.11228793910492
775	-21.9988771455453	1.11536226169312
776	-22.0796737588168	1.11843658428131
777	-22.1604703720883	1.12151090686951
778	-22.2412669853597	1.12458522945771
779	-22.3220635986312	1.12765955204591
780	-22.4028602119026	1.13073387463411
781	-22.4843539799999	1.13416215187096
782	-22.5658477480971	1.1375904291078
783	-22.6473415161943	1.14101870634464
784	-22.7288352842916	1.14444698358149
785	-22.8103290523888	1.14787526081833
786	-22.891822820486	1.15130353805517
787	-22.9733165885832	1.15473181529202
788	-23.0548103566805	1.15816009252886
789	-23.1363041247777	1.1615883697657
790	-23.2177978928749	1.16501664700255
791	-23.3000014002314	1.16875535981441
792	-23.3822049075879	1.17249407262627
793	-23.4644084149443	1.17623278543814
794	-23.5466119223008	1.17997149825
795	-23.6288154296573	1.18371021106187
796	-23.7110189370137	1.18744892387373
797	-23.7932224443702	1.1911876366856
798	-23.8754259517267	1.19492634949746
799	-23.9576294590831	1.19866506230932
800	-24.0398329664396	1.20240377512119
801	-24.1227632554676	1.20641616112122
802	-24.2056935444957	1.21042854712125
803	-24.2886238335237	1.21444093312127
804	-24.3715541225517	1.2184533191213
805	-24.4544844115797	1.22246570512133
806	-24.5374147006078	1.22647809112136
807	-24.6203449896358	1.23049047712139
808	-24.7032752786638	1.23450286312142
809	-24.7862055676918	1.23851524912145
810	-24.8691358567199	1.24252763512148
811	-24.9528125550163	1.24678333577568
812	-25.0364892533128	1.25103903642988
813	-25.1201659516093	1.25529473708408
814	-25.2038426499058	1.25955043773828
815	-25.2875193482023	1.26380613839248
816	-25.3711960464987	1.26806183904667
817	-25.4548727447952	1.27231753970087
818	-25.5385494430917	1.27657324035507
819	-25.6222261413882	1.28082894100927
820	-25.7059028396846	1.28508464166347
821	-25.7903467911809	1.28955908177496
822	-25.8747907426771	1.29403352188644
823	-25.9592346941733	1.29850796199793
824	-26.0436786456695	1.30298240210941
825	-26.1281225971657	1.3074568422209
826	-26.2125665486619	1.31193128233238
827	-26.2970105001582	1.31640572244387
828	-26.3814544516544	1.32088016255535
829	-26.4658984031506	1.32535460266684
830	-26.5503423546468	1.32982904277832
831	-26.6355745432958	1.33450269195879
832	-26.7208067319447	1.33917634113925
833	-26.8060389205937	1.34384999031972
834	-26.8912711092427	1.34852363950019
835	-26.9765032978917	1.35319728868065
836	-27.0617354865406	1.35787093786112
837	-27.1469676751896	1.36254458704158
838	-27.2321998638386	1.36721823622205
839	-27.3174320524875	1.37189188540252
840	-27.4026642411365	1.37656553458298
841	-27.4887051822114	1.3814231453763
842	-27.5747461232863	1.38628075616962
843	-27.6607870643612	1.39113836696294
844	-27.7468280054361	1.39599597775626
845	-27.832868946511	1.40085358854958
846	-27.918909887586	1.4057111993429
847	-28.0049508286609	1.41056881013622
848	-28.0909917697358	1.41542642092953
849	-28.1770327108107	1.42028403172285
850	-28.2630736518856	1.42514164251617
851	-28.3499428671282	1.43017152891802
852	-28.4368120823708	1.43520141531986
853	-28.5236812976135	1.4402313017217
854	-28.6105505128561	1.44526118812355
855	-28.6974197280987	1.45029107452539
856	-28.7842889433413	1.45532096092724
857	-28.8711581585839	1.46035084732908
858	-28.9580273738265	1.46538073373093
859	-29.0448965890691	1.47041062013277
860	-29.1317658043118	1.47544050653462
861	-29.2194816445293	1.48063389788417
862	-29.3071974847468	1.48582728923373
863	-29.3949133249644	1.49102068058329
864	-29.4826291651819	1.49621407193285
865	-29.5703450053994	1.50140746328241
866	-29.658060845617	1.50660085463197
867	-29.7457766858345	1.51179424598152
868	-29.833492526052	1.51698763733108
869	-29.9212083662696	1.52218102868064
870	-30.0089242064871	1.5273744200302
871	-30.0975036583171	1.53272489222699
872	-30.1860831101472	1.53807536442377
873	-30.2746625619772	1.54342583662056
874	-30.3632420138073	1.54877630881735
875	-30.4518214656373	1.55412678101413
876	-30.5404009174674	1.55947725321092
877	-30.6289803692974	1.56482772540771
878	-30.7175598211275	1.57017819760449
879	-30.8061392729576	1.57552866980128
880	-30.8947187247876	1.58087914199807
881	-30.9841774455262	1.58638214427505
882	-31.0736361662647	1.59188514655204
883	-31.1630948870033	1.59738814882902
884	-31.2525536077419	1.60289115110601
885	-31.3420123284804	1.60839415338299
886	-31.431471049219	1.61389715565998
887	-31.5209297699575	1.61940015793696
888	-31.6103884906961	1.62490316021395
889	-31.6998472114347	1.63040616249093
890	-31.7893059321732	1.63590916476792
891	-31.8796582932527	1.64156162496844
892	-31.9700106543322	1.64721408516896
893	-32.0603630154117	1.65286654536949
894	-32.1507153764912	1.65851900557001
895	-32.2410677375707	1.66417146577054
896	-32.3314200986502	1.66982392597106
897	-32.4217724597297	1.67547638617158
898	-32.5121248208092	1.68112884637211
899	-32.6024771818886	1.68678130657263
900	-32.6928295429681	1.69243376677315
901	-32.7840886441546	1.69823377356496
902	-32.875347745341	1.70403378035676
903	-32.9666068465274	1.70983378714856
904	-33.0578659477138	1.71563379394037
905	-33.1491250489002	1.72143380073217
906	-33.2403841500867	1.72723380752397
907	-33.3316432512731	1.73303381431577
908	-33.4229023524595	1.73883382110758
909	-33.5141614536459	1.74463382789938
910	-33.6054205548323	1.75043383469118
911	-33.6975983797289	1.75638037711471
912	-33.7897762046255	1.76232691953824
913	-33.8819540295221	1.76827346196176
914	-33.9741318544187	1.77422000438529
915	-34.0663096793153	1.78016654680882
916	-34.1584875042119	1.78611308923234
917	-34.2506653291085	1.79205963165587
918	-34.3428431540051	1.79800617407939
919	-34.4350209789017	1.80395271650292
920	-34.5271988037983	1.80989925892645
921	-34.6203063004307	1.81599202505142
922	-34.7134137970631	1.82208479117639
923	-34.8065212936954	1.82817755730136
924	-34.8996287903278	1.83427032342633
925	-34.9927362869601	1.8403630895513
926	-35.0858437835925	1.84645585567628
927	-35.1789512802248	1.85254862180125
928	-35.2720587768572	1.85864138792622
929	-35.3651662734895	1.86473415405119
930	-35.4582737701219	1.87082692017616
931	-35.5523209671261	1.87706614035444
932	-35.6463681641304	1.88330536053272
933	-35.7404153611347	1.889544580711
934	-35.8344625581389	1.89578380088927
935	-35.9285097551432	1.90202302106755
936	-36.0225569521475	1.90826224124583
937	-36.1166041491517	1.9145014614241
938	-36.210651346156	1.92074068160238
939	-36.3046985431603	1.92697990178066
940	-36.3987457401645	1.93321912195894
941	-36.4937418383878	1.93960543967305
942	-36.588737936611	1.94599175738716
943	-36.6837340348342	1.95237807510128
944	-36.7787301330574	1.95876439281539
945	-36.8737262312806	1.96515071052951
946	-36.9687223295038	1.97153702824362
947	-37.063718427727	1.97792334595774
948	-37.1587145259502	1.98430966367185
949	-37.2537106241734	1.99069598138596
950	-37.3487067223966	1.99708229910008
951	-37.444660181556	2.00361667933814
952	-37.5406136407154	2.01015105957619
953	-37.6365670998748	2.01668543981425
954	-37.7325205590341	2.02321982005231
955	-37.8284740181935	2.02975420029037
956	-37.9244274773529	2.03628858052843
957	-38.0203809365123	2.04282296076649
958	-38.1163343956716	2.04935734100454
959	-38.212287854831	2.0558917212426
960	-38.3082413139904	2.06242610148066
961	-38.4051599700968	2.06910975229806
962	-38.5020786262033	2.07579340311545
963	-38.5989972823098	2.08247705393284
964	-38.6959159384163	2.08916070475024
965	-38.7928345945227	2.09584435556763
966	-38.8897532506292	2.10252800638503
967	-38.9866719067357	2.10921165720242
968	-39.0835905628421	2.11589530801981
969	-39.1805092189486	2.12257895883721
970	-39.2774278750551	2.1292626096546
971	-39.3753189999971	2.13609693318049
972	-39.4732101249391	2.14293125670638
973	-39.571101249881	2.14976558023226
974	-39.668992374823	2.15659990375815
975	-39.766883499765	2.16343422728404
976	-39.864774624707	2.17026855080993
977	-39.962665749649	2.17710287433581
978	-40.060556874591	2.1839371978617
979	-40.158447999533	2.19077152138759
980	-40.2563391244749	2.19760584491347
981	-40.3552094603748	2.20459238610509
982	-40.4540797962747	2.21157892729671
983	-40.5529501321746	2.21856546848833
984	-40.6518204680744	2.22555200967995
985	-40.7506908039743	2.23253855087157
986	-40.8495611398742	2.23952509206318
987	-40.9484314757741	2.2465116332548
988	-41.0473018116739	2.25349817444642
989	-41.1461721475738	2.26048471563804
990	-41.2450424834737	2.26747125682966
991	-41.3448983777872	2.27461167595108
992	-41.4447542721008	2.2817520950725
993	-41.5446101664144	2.28889251419392
994	-41.6444660607279	2.29603293331534
995	-41.7443219550415	2.30317335243676
996	-41.8441778493551	2.31031377155818
997	-41.9440337436686	2.3174541906796
998	-42.0438896379822	2.32459460980102
999	-42.1437455322957	2.33173502892244
1000	-42.2436014266093	2.33887544804386
1001	-42.3444488125943	2.3461714950016
1002	-42.4452961985793	2.35346754195934
1003	-42.5461435845642	2.36076358891708
1004	-42.6469909705492	2.36805963587482
1005	-42.7478383565342	2.37535568283256
1006	-42.8486857425192	2.3826517297903
1007	-42.9495331285042	2.38994777674804
1008	-43.0503805144891	2.39724382370578
1009	-43.1512279004741	2.40453987066352
1010	-43.2520752864591	2.41183591762126
1011	-43.3539197743774	2.41928941485601
1012	-43.4557642622957	2.42674291209077
1013	-43.557608750214	2.43419640932552
1014	-43.6594532381323	2.44164990656027
1015	-43.7612977260506	2.44910340379503
1016	-43.8631422139688	2.45655690102978
1017	-43.9649867018871	2.46401039826454
1018	-44.0668311898054	2.47146389549929
1019	-44.1686756777237	2.47891739273405
1020	-44.270520165642	2.4863708899688
1021	-44.3733670647844	2.49398371560701
1022	-44.4762139639269	2.50159654124522
1023	-44.5790608630693	2.50920936688342
1024	-44.6819077622118	2.51682219252163
1025	-44.7847546613542	2.52443501815984
1026	-44.8876015604967	2.53204784379805
1027	-44.9904484596392	2.53966066943626
1028	-45.0932953587816	2.54727349507447
1029	-45.1961422579241	2.55488632071268
1030	-45.2989891570665	2.56249914635088
1031	-45.4028435309004	2.5702732235038
1032	-45.5066979047343	2.57804730065672
1033	-45.6105522785681	2.58582137780964
1034	-45.714406652402	2.59359545496256
1035	-45.8182610262359	2.60136953211548
1036	-45.9221154000697	2.6091436092684
1037	-46.0259697739036	2.61691768642132
1038	-46.1298241477375	2.62469176357424
1039	-46.2336785215713	2.63246584072716
1040	-46.3375328954052	2.64023991788008
1041	-46.4423995553627	2.64817721211947
1042	-46.5472662153202	2.65611450635885
1043	-46.6521328752777	2.66405180059824
1044	-46.7569995352352	2.67198909483762
1045	-46.8618661951928	2.67992638907701
1046	-46.9667328551503	2.6878636833164
1047	-47.0715995151078	2.69580097755578
1048	-47.1764661750653	2.70373827179517
1049	-47.2813328350228	2.71167556603455
1050	-47.3861994949803	2.71961286027394
1051	-47.4920830672811	2.72771536904224
1052	-47.5979666395819	2.73581787781054
1053	-47.7038502118827	2.74392038657885
1054	-47.8097337841835	2.75202289534715
1055	-47.9156173564843	2.76012540411545
1056	-48.0215009287851	2.76822791288376
1057	-48.1273845010859	2.77633042165206
1058	-48.2332680733867	2.78443293042036
1059	-48.3391516456875	2.79253543918867
1060	-48.4450352179883	2.80063794795697
1061	-48.5519401333536	2.80890769804385
1062	-48.6588450487189	2.81717744813073
1063	-48.7657499640841	2.82544719821761
1064	-48.8726548794494	2.83371694830449
1065	-48.9795597948147	2.84198669839136
1066	-49.0864647101799	2.85025644847824
1067	-49.1933696255452	2.85852619856512
1068	-49.3002745409105	2.866795948652
1069	-49.4071794562758	2.87506569873888
1070	-49.514084371641	2.88333544882576
1071	-49.622014914204	2.89177448956542
1072	-49.7299454567671	2.90021353030507
1073	-49.8378759993301	2.90865257104473
1074	-49.9458065418931	2.91709161178438
1075	-50.0537370844561	2.92553065252404
1076	-50.1616676270191	2.93396969326369
1077	-50.2695981695822	2.94240873400335
1078	-50.3775287121452	2.95084777474301
1079	-50.4854592547082	2.95928681548266
1080	-50.5933897972712	2.96772585622232
1081	-50.7023501013187	2.9763362635048
1082	-50.8113104053662	2.98494667078728
1083	-50.9202707094138	2.99355707806976
1084	-51.0292310134613	3.00216748535225
1085	-51.1381913175088	3.01077789263473
1086	-51.2471516215563	3.01938829991721
1087	-51.3561119256038	3.02799870719969
1088	-51.4650722296513	3.03660911448218
1089	-51.5740325336988	3.04521952176466
1090	-51.6829928377463	3.05382992904714
1091	-51.7929869158049	3.06261380169206
1092	-51.9029809938634	3.07139767433697
1093	-52.012975071922	3.08018154698189
1094	-52.1229691499805	3.0889654196268
1095	-52.232963228039	3.09774929227172
1096	-52.3429573060976	3.10653316491663
1097	-52.4529513841561	3.11531703756155
1098	-52.5629454622146	3.12410091020646
1099	-52.6729395402732	3.13288478285138
1100	-52.7829336183317	3.14166865549629
1101	-52.8939653784511	3.15062810948582
1102	-53.0049971385704	3.15958756347535
1103	-53.1160288986897	3.16854701746489
1104	-53.2270606588091	3.17750647145442
1105	-53.3380924189284	3.18646592544395
1106	-53.4491241790478	3.19542537943348
1107	-53.5601559391671	3.20438483342301
1108	-53.6711876992864	3.21334428741254
1109	-53.7822194594058	3.22230374140207
1110	-53.8932512195251	3.2312631953916
1111	-54.0053244405879	3.24040036827215
1112	-54.1173976616506	3.2495375411527
1113	-54.2294708827134	3.25867471403325
1114	-54.3415441037761	3.26781188691381
1115	-54.4536173248389	3.27694905979436
1116	-54.5656905459016	3.28608623267491
1117	-54.6777637669644	3.29522340555546
1118	-54.7898369880271	3.30436057843601
1119	-54.9019102090899	3.31349775131656
1120	-55.0139834301526	3.32263492419711
1121	-55.127101857561	3.33195197286449
1122	-55.2402202849693	3.34126902153188
1123	-55.3533387123776	3.35058607019926
1124	-55.4664571397859	3.35990311886665
1125	-55.5795755671942	3.36922016753403
1126	-55.6926939946025	3.37853721620141
1127	-55.8058124220109	3.3878542648688
1128	-55.9189308494192	3.39717131353618
1129	-56.0320492768275	3.40648836220357
1130	-56.1451677042358	3.41580541087095
1131	-56.2593349559528	3.4253045093644
1132	-56.3735022076698	3.43480360785785
1133	-56.4876694593868	3.44430270635129
1134	-56.6018367111039	3.45380180484474
1135	-56.7160039628209	3.46330090333819
1136	-56.8301712145379	3.47280000183164
1137	-56.9443384662549	3.48229910032508
1138	-57.0585057179719	3.49179819881853
1139	-57.1726729696889	3.50129729731198
1140	-57.2868402214059	3.51079639580543
1141	-57.4020598578004	3.52047973801906
1142	-57.5172794941949	3.5301630802327
1143	-57.6324991305894	3.53984642244634
1144	-57.7477187669839	3.54952976465997
1145	-57.8629384033784	3.55921310687361
1146	-57.9781580397728	3.56889644908724
1147	-58.0933776761673	3.57857979130088
1148	-58.2085973125618	3.58826313351452
1149	-58.3238169489563	3.59794647572815
1150	-58.4390365853508	3.60762981794179
1151	-58.5553121228952	3.6174996155849
1152	-58.6715876604397	3.627369413228
1153	-58.7878631979842	3.63723921087111
1154	-58.9041387355286	3.64710900851422
1155	-59.0204142730731	3.65697880615733
1156	-59.1366898106176	3.66684860380043
1157	-59.252965348162	3.67671840144354
1158	-59.3692408857065	3.68658819908665
1159	-59.485516423251	3.69645799672975
1160	-59.6017919607954	3.70632779437286
1161	-59.7191268407226	3.71638627803496
1162	-59.8364617206497	3.72644476169706
1163	-59.9537966005768	3.73650324535916
1164	-60.0711314805039	3.74656172902125
1165	-60.188466360431	3.75662021268335
1166	-60.3058012403582	3.76667869634545
1167	-60.4231361202853	3.77673718000755
1168	-60.5404710002124	3.78679566366964
1169	-60.6578058801395	3.79685414733174
1170	-60.7751407600666	3.80691263099384
1171	-60.8935383793308	3.81716204848615
1172	-61.011935998595	3.82741146597846
1173	-61.1303336178593	3.83766088347078
1174	-61.2487312371235	3.84791030096309
1175	-61.3671288563877	3.8581597184554
1176	-61.4855264756519	3.86840913594771
1177	-61.6039240949161	3.87865855344003
1178	-61.7223217141804	3.88890797093234
1179	-61.8407193334446	3.89915738842465
1180	-61.9591169527088	3.90940680591696
1181	-62.0785806816893	3.91984942482319
1182	-62.1980444106698	3.93029204372941
1183	-62.3175081396503	3.94073466263563
1184	-62.4369718686308	3.95117728154186
1185	-62.5564355976113	3.96161990044808
1186	-62.6758993265918	3.97206251935431
1187	-62.7953630555723	3.98250513826053
1188	-62.9148267845529	3.99294775716675
1189	-63.0342905135334	4.00339037607298
1190	-63.1537542425139	4.0138329949792
1191	-63.2742873804187	4.02447110171817
1192	-63.3948205183236	4.03510920845713
1193	-63.5153536562284	4.0457473151961
1194	-63.6358867941332	4.05638542193506
1195	-63.7564199320381	4.06702352867403
1196	-63.8769530699429	4.077661635413
1197	-63.9974862078478	4.08829974215196
1198	-64.1180193457526	4.09893784889093
1199	-64.2385524836574	4.10957595562989
1200	-64.3590856215623	4.12021406236886
1201	-64.4806914636511	4.13104995992656
1202	-64.60229730574	4.14188585748426
1203	-64.7239031478288	4.15272175504195
1204	-64.8455089899176	4.16355765259965
1205	-64.9671148320065	4.17439355015735
1206	-65.0887206740953	4.18522944771505
1207	-65.2103265161842	4.19606534527275
1208	-65.331932358273	4.20690124283044
1209	-65.4535382003619	4.21773714038814
1210	-65.5751440424507	4.22857303794584
1211	-65.6978258533457	4.23960905183858
1212	-65.8205076642407	4.25064506573132
1213	-65.9431894751357	4.26168107962406
1214	-66.0658712860307	4.2727170935168
1215	-66.1885530969257	4.28375310740954
1216	-66.3112349078207	4.29478912130227
1217	-66.4339167187157	4.30582513519501
1218	-66.5565985296108	4.31686114908775
1219	-66.6792803405058	4.32789716298049
1220	-66.8019621514008	4.33893317687323
1221	-66.9257231544981	4.35017164708884
1222	-67.0494841575955	4.36141011730446
1223	-67.1732451606928	4.37264858752007
1224	-67.2970061637902	4.38388705773568
1225	-67.4207671668876	4.3951255279513
1226	-67.5445281699849	4.40636399816691
1227	-67.6682891730823	4.41760246838252
1228	-67.7920501761796	4.42884093859814
1229	-67.915811179277	4.44007940881375
1230	-68.0395721823744	4.45131787902936
1231	-68.1644155987382	4.46276116980005
1232	-68.2892590151021	4.47420446057074
1233	-68.4141024314659	4.48564775134142
1234	-68.5389458478298	4.49709104211211
1235	-68.6637892641936	4.5085343328828
1236	-68.7886326805575	4.51997762365349
1237	-68.9134760969213	4.53142091442418
1238	-69.0383195132852	4.54286420519486
1239	-69.163162929649	4.55430749596555
1240	-69.2880063460129	4.56575078673624
1241	-69.413935352451	4.57740127899523
1242	-69.5398643588891	4.58905177125422
1243	-69.6657933653272	4.60070226351321
1244	-69.7917223717653	4.6123527557722
1245	-69.9176513782034	4.62400324803119
1246	-70.0435803846415	4.63565374029018
1247	-70.1695093910796	4.64730423254917
1248	-70.2954383975177	4.65895472480816
1249	-70.4213674039559	4.67060521706715
1250	-70.547296410394	4.68225570932614
1251	-70.6743141972956	4.69411580286128
1252	-70.8013319841972	4.70597589639642
1253	-70.9283497710988	4.71783598993156
1254	-71.0553675580004	4.7296960834667
1255	-71.182385344902	4.74155617700185
1256	-71.3094031318037	4.75341627053699
1257	-71.4364209187053	4.76527636407213
1258	-71.5634387056069	4.77713645760727
1259	-71.6904564925085	4.78899655114241
1260	-71.8174742794101	4.80085664467755
1261	-71.9455840093409	4.81292876387991
1262	-72.0736937392717	4.82500088308226
1263	-72.2018034692024	4.83707300228461
1264	-72.3299131991332	4.84914512148696
1265	-72.4580229290639	4.86121724068932
1266	-72.5861326589947	4.87328935989167
1267	-72.7142423889254	4.88536147909402
1268	-72.8423521188562	4.89743359829637
1269	-72.9704618487869	4.90950571749873
1270	-73.0985715787177	4.92157783670108
1271	-73.227776395627	4.9338644193218
1272	-73.3569812125363	4.94615100194252
1273	-73.4861860294456	4.95843758456324
1274	-73.6153908463549	4.97072416718396
1275	-73.7445956632641	4.98301074980468
1276	-73.8738004801734	4.9952973324254
1277	-74.0030052970827	5.00758391504612
1278	-74.132210113992	5.01987049766684
1279	-74.2614149309013	5.03215708028756
1280	-74.3906197478106	5.04444366290828
1281	-74.5209228037209	5.05694717493481
1282	-74.6512258596311	5.06945068696135
1283	-74.7815289155414	5.08195419898788
1284	-74.9118319714517	5.09445771101442
1285	-75.0421350273619	5.10696122304095
1286	-75.1724380832722	5.11946473506749
1287	-75.3027411391825	5.13196824709402
1288	-75.4330441950927	5.14447175912056
1289	-75.563347251003	5.15697527114709
1290	-75.6936503069133	5.16947878317363
1291	-75.8250547562321	5.18220170522551
1292	-75.9564592055509	5.1949246272774
1293	-76.0878636548698	5.20764754932929
1294	-76.2192681041886	5.22037047138118
1295	-76.3506725535075	5.23309339343307
1296	-76.4820770028263	5.24581631548495
1297	-76.6134814521451	5.25853923753684
1298	-76.744885901464	5.27126215958873
1299	-76.8762903507828	5.28398508164062
1300	-77.0076948001017	5.29670800369251
1301	-77.140203757651	5.30965284202706
1302	-77.2727127152003	5.32259768036161
1303	-77.4052216727496	5.33554251869616
1304	-77.5377306302989	5.34848735703071
1305	-77.6702395878482	5.36143219536526
1306	-77.8027485453975	5.37437703369981
1307	-77.9352575029468	5.38732187203436
1308	-78.0677664604961	5.40026671036892
1309	-78.2002754180454	5.41321154870347
1310	-78.3327843755947	5.42615638703802
1311	-78.4664009986519	5.43932566619927
1312	-78.6000176217092	5.45249494536053
1313	-78.7336342447665	5.46566422452178
1314	-78.8672508678238	5.47883350368304
1315	-79.0008674908811	5.49200278284429
1316	-79.1344841139384	5.50517206200555
1317	-79.2681007369957	5.5183413411668
1318	-79.401717360053	5.53151062032806
1319	-79.5353339831103	5.54467989948931
1320	-79.6689506061676	5.55784917865057
1321	-79.8036780183863	5.57124544437804
1322	-79.938405430605	5.58464171010552
1323	-80.0731328428237	5.59803797583299
1324	-80.2078602550423	5.61143424156046
1325	-80.342587667261	5.62483050728794
1326	-80.4773150794797	5.63822677301541
1327	-80.6120424916984	5.65162303874289
1328	-80.7467699039171	5.66501930447036
1329	-80.8814973161357	5.67841557019783
1330	-81.0162247283544	5.69181183592531
1331	-81.1520660854998	5.70543765959531
1332	-81.2879074426451	5.71906348326531
1333	-81.4237487997905	5.73268930693532
1334	-81.5595901569358	5.74631513060532
1335	-81.6954315140811	5.75994095427532
1336	-81.8312728712265	5.77356677794533
1337	-81.9671142283718	5.78719260161533
1338	-82.1029555855172	5.80081842528533
1339	-82.2387969426625	5.81444424895534
1340	-82.3746382998079	5.82807007262534
1341	-82.5115967311076	5.84192804595297
1342	-82.6485551624073	5.85578601928059
1343	-82.7855135937071	5.86964399260822
1344	-82.9224720250068	5.88350196593584
1345	-83.0594304563065	5.89735993926347
1346	-83.1963888876063	5.91121791259109
1347	-83.333347318906	5.92507588591872
1348	-83.4703057502057	5.93893385924634
1349	-83.6072641815055	5.95279183257397
1350	-83.7442226128052	5.96664980590159
1351	-83.8823012519332	5.98074253858528
1352	-84.0203798910612	5.99483527126897
1353	-84.1584585301892	6.00892800395266
1354	-84.2965371693172	6.02302073663634
1355	-84.4346158084452	6.03711346932003
1356	-84.5726944475732	6.05120620200372
1357	-84.7107730867012	6.06529893468741
1358	-84.8488517258292	6.0793916673711
1359	-84.9869303649572	6.09348440005478
1360	-85.1250090040852	6.10757713273847
1361	-85.2642110213671	6.12190726678842
1362	-85.4034130386489	6.13623740083836
1363	-85.5426150559308	6.15056753488831
1364	-85.6818170732126	6.16489766893825
1365	-85.8210190904945	6.1792278029882
1366	-85.9602211077763	6.19355793703815
1367	-86.0994231250582	6.20788807108809
1368	-86.2386251423401	6.22221820513804
1369	-86.3778271596219	6.23654833918798
1370	-86.5170291769038	6.25087847323793
1371	-86.6573577393218	6.26544866529971
1372	-86.7976863017397	6.28001885736149
1373	-86.9380148641577	6.29458904942328
1374	-87.0783434265757	6.30915924148506
1375	-87.2186719889937	6.32372943354685
1376	-87.3590005514117	6.33829962560863
1377	-87.4993291138297	6.35286981767041
1378	-87.6396576762477	6.3674400097322
1379	-87.7799862386657	6.38201020179398
1380	-87.9203148010837	6.39658039385576
1381	-88.0617730672613	6.41139332824392
1382	-88.2032313334389	6.42620626263207
1383	-88.3446895996165	6.44101919702022
1384	-88.4861478657941	6.45583213140838
1385	-88.6276061319717	6.47064506579653
1386	-88.7690643981493	6.48545800018468
1387	-88.9105226643269	6.50027093457283
1388	-89.0519809305045	6.51508386896099
1389	-89.1934391966821	6.52989680334914
1390	-89.3348974628597	6.54470973773729
1391	-89.4774885978478	6.55976811982317
1392	-89.620079732836	6.57482650190905
1393	-89.7626708678241	6.58988488399493
1394	-89.9052620028123	6.60494326608081
1395	-90.0478531378004	6.62000164816669
1396	-90.1904442727886	6.63506003025257
1397	-90.3330354077767	6.65011841233845
1398	-90.4756265427649	6.66517679442433
1399	-90.618217677753	6.68023517651022
1400	-90.7608088127412	6.6952935585961
1401	-90.904536003381	6.71060011749864
1402	-91.0482631940207	6.72590667640118
1403	-91.1919903846605	6.74121323530373
1404	-91.3357175753002	6.75651979420627
1405	-91.47944476594	6.77182635310882
1406	-91.6231719565798	6.78713291201136
1407	-91.7668991472195	6.80243947091391
1408	-91.9106263378593	6.81774602981645
1409	-92.054353528499	6.833052588719
1410	-92.1980807191388	6.84835914762154
1411	-92.3429471901809	6.86391664291943
1412	-92.4878136612229	6.87947413821732
1413	-92.632680132265	6.89503163351521
1414	-92.777546603307	6.9105891288131
1415	-92.9224130743491	6.92614662411099
1416	-93.0672795453911	6.94170411940888
1417	-93.2121460164332	6.95726161470676
1418	-93.3570124874752	6.97281911000465
1419	-93.5018789585173	6.98837660530254
1420	-93.6467454295594	7.00393410060043
1421	-93.7927543637407	7.01974530813893
1422	-93.938763297922	7.03555651567743
1423	-94.0847722321033	7.05136772321593
1424	-94.2307811662846	7.06717893075443
1425	-94.376790100466	7.08299013829293
1426	-94.5227990346473	7.09880134583143
1427	-94.6688079688286	7.11461255336993
1428	-94.8148169030099	7.13042376090842
1429	-94.9608258371912	7.14623496844692
1430	-95.1068347713726	7.16204617598542
1431	-95.253989421791	7.17811390196293
1432	-95.4011440722094	7.19418162794044
1433	-95.5482987226278	7.21024935391795
1434	-95.6954533730462	7.22631707989546
1435	-95.8426080234646	7.24238480587297
1436	-95.9897626738831	7.25845253185047
1437	-96.1369173243015	7.27452025782798
1438	-96.2840719747199	7.29058798380549
1439	-96.4312266251383	7.306655709783
1440	-96.5783812755567	7.32272343576051
1441	-96.726684846132	7.33905050870897
1442	-96.8749884167073	7.35537758165743
1443	-97.0232919872826	7.37170465460589
1444	-97.1715955578578	7.38803172755434
1445	-97.3198991284331	7.4043588005028
1446	-97.4682026990084	7.42068587345126
1447	-97.6165062695837	7.43701294639972
1448	-97.7648098401589	7.45334001934818
1449	-97.9131134107342	7.46966709229664
1450	-98.0614169813095	7.4859941652451
1451	-98.2108727612973	7.50258344139318
1452	-98.3603285412851	7.51917271754127
1453	-98.5097843212728	7.53576199368935
1454	-98.6592401012606	7.55235126983744
1455	-98.8086958812484	7.56894054598552
1456	-98.9581516612362	7.5855298221336
1457	-99.107607441224	7.60211909828169
1458	-99.2570632212117	7.61870837442977
1459	-99.4065190011995	7.63529765057786
1460	-99.5559747811873	7.65188692672594
1461	-99.7065861049345	7.66874128881997
1462	-99.8571974286816	7.685595650914
1463	-100.007808752429	7.70245001300803
1464	-100.158420076176	7.71930437510206
1465	-100.309031399923	7.73615873719609
1466	-100.45964272367	7.75301309929011
1467	-100.610254047417	7.76986746138414
1468	-100.760865371165	7.78672182347817
1469	-100.911476694912	7.8035761855722
1470	-101.062088018659	7.82043054766623
1471	-101.213857858506	7.83755289352145
1472	-101.365627698353	7.85467523937667
1473	-101.517397538201	7.87179758523189
1474	-101.669167378048	7.88891993108711
1475	-101.820937217895	7.90604227694233
1476	-101.972707057742	7.92316462279755
1477	-102.12447689759	7.94028696865277
1478	-102.276246737437	7.95740931450799
1479	-102.428016577284	7.97453166036321
1480	-102.579786417132	7.99165400621843
1481	-102.732718551723	8.00904728418265
1482	-102.885650686315	8.02644056214688
1483	-103.038582820907	8.04383384011111
1484	-103.191514955499	8.06122711807534
1485	-103.344447090091	8.07862039603957
1486	-103.497379224683	8.0960136740038
1487	-103.650311359275	8.11340695196802
1488	-103.803243493867	8.13080022993225
1489	-103.956175628459	8.14819350789648
1490	-104.109107763051	8.16558678586071
1491	-104.263205075777	8.18325394325975
1492	-104.417302388502	8.20092110065879
1493	-104.571399701228	8.21858825805782
1494	-104.725497013953	8.23625541545686
1495	-104.879594326679	8.2539225728559
1496	-105.033691639404	8.27158973025494
1497	-105.18778895213	8.28925688765398
1498	-105.341886264855	8.30692404505301
1499	-105.495983577581	8.32459120245205
1500	-105.650080890306	8.34225835985109
1501	-105.805347157385	8.36020239880897
1502	-105.960613424463	8.37814643776686
1503	-106.115879691541	8.39609047672474
1504	-106.271145958619	8.41403451568263
1505	-106.426412225698	8.43197855464051
1506	-106.581678492776	8.4499225935984
1507	-106.736944759854	8.46786663255628
1508	-106.892211026932	8.48581067151417
1509	-107.047477294011	8.50375471047205
1510	-107.202743561089	8.52169874942994
1511	-107.359181602516	8.539922666766
1512	-107.515619643943	8.55814658410206
1513	-107.67205768537	8.57637050143812
1514	-107.828495726798	8.59459441877419
1515	-107.984933768225	8.61281833611025
1516	-108.141371809652	8.63104225344631
1517	-108.297809851079	8.64926617078238
1518	-108.454247892506	8.66749008811844
1519	-108.610685933933	8.6857140054545
1520	-108.767123975361	8.70393792279056
1521	-108.924737720107	8.72244478387331
1522	-109.082351464853	8.74095164495605
1523	-109.239965209599	8.7594585060388
1524	-109.397578954345	8.77796536712155
1525	-109.555192699091	8.79647222820429
1526	-109.712806443837	8.81497908928704
1527	-109.870420188583	8.83348595036978
1528	-110.02803393333	8.85199281145253
1529	-110.185647678076	8.87049967253527
1530	-110.343261422822	8.88900653361802
1531	-110.502053828894	8.90779938983472
1532	-110.660846234965	8.92659224605142
1533	-110.819638641037	8.94538510226813
1534	-110.978431047109	8.96417795848483
1535	-111.137223453181	8.98297081470153
1536	-111.296015859253	9.00176367091824
1537	-111.454808265325	9.02055652713494
1538	-111.613600671396	9.03934938335164
1539	-111.772393077468	9.05814223956835
1540	-111.93118548354	9.07693509578505
1541	-112.091160206226	9.09601705782741
1542	-112.251134928913	9.11509901986978
1543	-112.411109651599	9.13418098191214
1544	-112.571084374285	9.1532629439545
1545	-112.731059096971	9.17234490599687
1546	-112.891033819658	9.19142686803923
1547	-113.051008542344	9.2105088300816
1548	-113.21098326503	9.22959079212396
1549	-113.370957987717	9.24867275416632
1550	-113.530932710403	9.26775471620869
1551	-113.692093051067	9.28712891015784
1552	-113.853253391731	9.30650310410699
1553	-114.014413732396	9.32587729805614
1554	-114.17557407306	9.34525149200529
1555	-114.336734413724	9.36462568595445
1556	-114.497894754388	9.3839998799036
1557	-114.659055095052	9.40337407385275
1558	-114.820215435717	9.4227482678019
1559	-114.981375776381	9.44212246175105
1560	-115.142536117045	9.4614966557002
1561	-115.304885657198	9.48116624257654
1562	-115.467235197351	9.50083582945287
1563	-115.629584737503	9.5205054163292
1564	-115.791934277656	9.54017500320554
1565	-115.954283817809	9.55984459008187
1566	-116.116633357961	9.5795141769582
1567	-116.278982898114	9.59918376383453
1568	-116.441332438267	9.61885335071086
1569	-116.60368197842	9.6385229375872
1570	-116.766031518572	9.65819252446353
1571	-116.929573691467	9.67816069164776
1572	-117.093115864361	9.69812885883199
1573	-117.256658037255	9.71809702601622
1574	-117.42020021015	9.73806519320044
1575	-117.583742383044	9.75803336038467
1576	-117.747284555939	9.7780015275689
1577	-117.910826728833	9.79796969475313
1578	-118.074368901727	9.81793786193736
1579	-118.237911074622	9.83790602912159
1580	-118.401453247516	9.85787419630581
1581	-118.566191550102	9.87814416223394
1582	-118.730929852688	9.89841412816207
1583	-118.895668155273	9.9186840940902
1584	-119.060406457859	9.93895406001833
1585	-119.225144760445	9.95922402594646
1586	-119.389883063031	9.97949399187459
1587	-119.554621365617	9.99976395780272
1588	-119.719359668202	10.0200339237308
1589	-119.884097970788	10.040303889659
1590	-120.048836273374	10.0605738555871
1591	-120.214774045475	10.0811488608122
1592	-120.380711817575	10.1017238660373
1593	-120.546649589676	10.1222988712624
1594	-120.712587361776	10.1428738764876
1595	-120.878525133877	10.1634488817127
1596	-121.044462905977	10.1840238869378
1597	-121.210400678078	10.2045988921629
1598	-121.376338450179	10.225173897388
1599	-121.542276222279	10.2457489026131
1600	-121.70821399438	10.2663239078383
1601	-121.875355300456	10.2872072546807
1602	-122.042496606533	10.3080906015232
1603	-122.209637912609	10.3289739483657
1604	-122.376779218686	10.3498572952082
1605	-122.543920524762	10.3707406420506
1606	-122.711061830839	10.3916239888931
1607	-122.878203136915	10.4125073357356
1608	-123.045344442992	10.4333906825781
1609	-123.212485749068	10.4542740294205
1610	-123.379627055144	10.475157376263
1611	-123.547974916179	10.4963523525017
1612	-123.716322777213	10.5175473287404
1613	-123.884670638248	10.538742304979
1614	-124.053018499282	10.5599372812177
1615	-124.221366360316	10.5811322574564
1616	-124.389714221351	10.6023272336951
1617	-124.558062082385	10.6235222099338
1618	-124.726409943419	10.6447171861724
1619	-124.894757804454	10.6659121624111
1620	-125.063105665488	10.6871071386498
1621	-125.232663824099	10.7086170943896
1622	-125.40222198271	10.7301270501293
1623	-125.571780141321	10.7516370058691
1624	-125.741338299932	10.7731469616088
1625	-125.910896458543	10.7946569173486
1626	-126.080454617154	10.8161668730884
1627	-126.250012775765	10.8376768288281
1628	-126.419570934376	10.8591867845679
1629	-126.589129092986	10.8806967403077
1630	-126.758687251597	10.9022066960474
1631	-126.929459514275	10.9240350121004
1632	-127.100231776953	10.9458633281534
1633	-127.271004039631	10.9676916442063
1634	-127.441776302309	10.9895199602593
1635	-127.612548564987	11.0113482763123
1636	-127.783320827665	11.0331765923652
1637	-127.954093090343	11.0550049084182
1638	-128.124865353021	11.0768332244712
1639	-128.295637615699	11.0986615405241
1640	-128.466409878377	11.1204898565771
1641	-128.638399886902	11.1426399393914
1642	-128.810389895426	11.1647900222057
1643	-128.982379903951	11.18694010502
1644	-129.154369912475	11.2090901878343
1645	-129.326359921	11.2312402706486
1646	-129.498349929525	11.2533903534629
1647	-129.670339938049	11.2755404362772
1648	-129.842329946574	11.2976905190915
1649	-130.014319955098	11.3198406019059
1650	-130.186309963623	11.3419906847202
1651	-130.359521187395	11.3644659684743
1652	-130.532732411167	11.3869412522284
1653	-130.705943634939	11.4094165359826
1654	-130.879154858711	11.4318918197367
1655	-131.052366082483	11.4543671034909
1656	-131.225577306255	11.476842387245
1657	-131.398788530027	11.4993176709991
1658	-131.571999753798	11.5217929547533
1659	-131.74521097757	11.5442682385074
1660	-131.918422201342	11.5667435222616
1661	-132.092858161555	11.5895474719692
1662	-132.267294121768	11.6123514216768
1663	-132.441730081982	11.6351553713845
1664	-132.616166042195	11.6579593210921
1665	-132.790602002408	11.6807632707998
1666	-132.965037962621	11.7035672205074
1667	-133.139473922834	11.726371170215
1668	-133.313909883047	11.7491751199227
1669	-133.48834584326	11.7719790696303
1670	-133.662781803473	11.7947830193379
1671	-133.838446771833	11.8179191667545
1672	-134.014111740192	11.841055314171
1673	-134.189776708552	11.8641914615876
1674	-134.365441676912	11.8873276090042
1675	-134.541106645272	11.9104637564207
1676	-134.716771613631	11.9335999038373
1677	-134.892436581991	11.9567360512538
1678	-135.068101550351	11.9798721986704
1679	-135.243766518711	12.0030083460869
1680	-135.41943148707	12.0261444935035
1681	-135.596328867387	12.0496163616606
1682	-135.773226247705	12.0730882298177
1683	-135.950123628022	12.0965600979749
1684	-136.127021008339	12.120031966132
1685	-136.303918388656	12.1435038342891
1686	-136.480815768973	12.1669757024463
1687	-136.65771314929	12.1904475706034
1688	-136.834610529607	12.2139194387605
1689	-137.011507909925	12.2373913069177
1690	-137.188405290242	12.2608631750748
1691	-137.366538767477	12.2846743430235
1692	-137.544672244713	12.3084855109722
1693	-137.722805721948	12.332296678921
1694	-137.900939199183	12.3561078468697
1695	-138.079072676419	12.3799190148184
1696	-138.257206153654	12.4037301827672
1697	-138.435339630889	12.4275413507159
1698	-138.613473108125	12.4513525186646
1699	-138.79160658536	12.4751636866134
1700	-138.969740062596	12.4989748545621
1701	-139.149113611621	12.5231289326463
1702	-139.328487160646	12.5472830107305
1703	-139.507860709671	12.5714370888147
1704	-139.687234258696	12.5955911668988
1705	-139.866607807721	12.619745244983
1706	-140.045981356746	12.6438993230672
1707	-140.225354905771	12.6680534011514
1708	-140.404728454796	12.6922074792356
1709	-140.584102003821	12.7163615573198
1710	-140.763475552846	12.7405156354039
1711	-140.944092966594	12.7650162751923
1712	-141.124710380343	12.7895169149807
1713	-141.305327794091	12.8140175547691
1714	-141.485945207839	12.8385181945575
1715	-141.666562621588	12.8630188343459
1716	-141.847180035336	12.8875194741343
1717	-142.027797449084	12.9120201139227
1718	-142.208414862833	12.9365207537111
1719	-142.389032276581	12.9610213934994
1720	-142.569649690329	12.9855220332878
1721	-142.751514813836	13.0103729147319
1722	-142.933379937342	13.035223796176
1723	-143.115245060849	13.0600746776202
1724	-143.297110184355	13.0849255590643
1725	-143.478975307861	13.1097764405084
1726	-143.660840431368	13.1346273219525
1727	-143.842705554874	13.1594782033966
1728	-144.024570678381	13.1843290848407
1729	-144.206435801887	13.2091799662848
1730	-144.388300925393	13.2340308477289
1731	-144.571417413177	13.2592356802587
1732	-144.75453390096	13.2844405127884
1733	-144.937650388744	13.3096453453182
1734	-145.120766876527	13.334850177848
1735	-145.303883364311	13.3600550103777
1736	-145.486999852094	13.3852598429075
1737	-145.670116339878	13.4104646754372
1738	-145.853232827661	13.435669507967
1739	-146.036349315445	13.4608743404968
1740	-146.219465803228	13.4860791730265
1741	-146.403838086507	13.5116417331794
1742	-146.588210369786	13.5372042933323
1743	-146.772582653064	13.5627668534852
1744	-146.956954936343	13.5883294136381
1745	-147.141327219622	13.6138919737909
1746	-147.325699502901	13.6394545339438
1747	-147.510071786179	13.6650170940967
1748	-147.694444069458	13.6905796542496
1749	-147.878816352737	13.7161422144025
1750	-148.063188636016	13.7417047745554
1751	-148.248820229108	13.7676288382205
1752	-148.4344518222	13.7935529018857
1753	-148.620083415292	13.8194769655509
1754	-148.805715008384	13.8454010292161
1755	-148.991346601476	13.8713250928812
1756	-149.176978194568	13.8972491565464
1757	-149.36260978766	13.9231732202116
1758	-149.548241380752	13.9490972838768
1759	-149.733872973844	13.9750213475419
1760	-149.919504566936	14.0009454112071
1761	-150.106399517149	14.0272348133824
1762	-150.293294467361	14.0535242155576
1763	-150.480189417573	14.0798136177328
1764	-150.667084367785	14.1061030199081
1765	-150.853979317998	14.1323924220833
1766	-151.04087426821	14.1586818242585
1767	-151.227769218422	14.1849712264338
1768	-151.414664168634	14.211260628609
1769	-151.601559118847	14.2375500307842
1770	-151.788454069059	14.2638394329595
1771	-151.976616227354	14.2904980344056
1772	-152.16477838565	14.3171566358517
1773	-152.352940543946	14.3438152372978
1774	-152.541102702241	14.3704738387438
1775	-152.729264860537	14.3971324401899
1776	-152.917427018833	14.423791041636
1777	-153.105589177128	14.4504496430821
1778	-153.293751335424	14.4771082445282
1779	-153.481913493719	14.5037668459743
1780	-153.670075652015	14.5304254474204
1781	-153.859509414353	14.5574571748602
1782	-154.048943176691	14.5844889022999
1783	-154.238376939029	14.6115206297397
1784	-154.427810701367	14.6385523571795
1785	-154.617244463705	14.6655840846192
1786	-154.806678226043	14.692615812059
1787	-154.996111988381	14.7196475394988
1788	-155.185545750719	14.7466792669385
1789	-155.374979513056	14.7737109943783
1790	-155.564413275394	14.8007427218181
1791	-155.755122342074	14.8281515023735
1792	-155.945831408754	14.8555602829289
1793	-156.136540475433	14.8829690634843
1794	-156.327249542113	14.9103778440397
1795	-156.517958608792	14.9377866245951
1796	-156.708667675472	14.9651954051505
1797	-156.899376742151	14.9926041857059
1798	-157.090085808831	15.0200129662614
1799	-157.280794875511	15.0474217468168
1800	-157.47150394219	15.0748305273722
1801	-157.66349255841	15.1026203575081
1802	-157.85548117463	15.130410187644
1803	-158.04746979085	15.1582000177799
1804	-158.23945840707	15.1859898479158
1805	-158.43144702329	15.2137796780517
1806	-158.62343563951	15.2415695081876
1807	-158.81542425573	15.2693593383235
1808	-159.00741287195	15.2971491684595
1809	-159.19940148817	15.3249389985954
1810	-159.39139010439	15.3527288287313
1811	-159.58466231282	15.3809037343479
1812	-159.77793452125	15.4090786399644
1813	-159.971206729679	15.437253545581
1814	-160.164478938109	15.4654284511976
1815	-160.357751146539	15.4936033568142
1816	-160.551023354969	15.5217782624308
1817	-160.744295563399	15.5499531680474
1818	-160.937567771829	15.5781280736639
1819	-161.130839980259	15.6063029792805
1820	-161.324112188689	15.6344778848971
1821	-161.518672077928	15.6630419283617
1822	-161.713231967168	15.6916059718262
1823	-161.907791856408	15.7201700152907
1824	-162.102351745648	15.7487340587553
1825	-162.296911634888	15.7772981022198
1826	-162.491471524128	15.8058621456843
1827	-162.686031413367	15.8344261891489
1828	-162.880591302607	15.8629902326134
1829	-163.075151191847	15.8915542760779
1830	-163.269711081087	15.9201183195425
1831	-163.465563042702	15.9490756202953
1832	-163.661415004318	15.9780329210482
1833	-163.857266965933	16.006990221801
1834	-164.053118927549	16.0359475225539
1835	-164.248970889164	16.0649048233067
1836	-164.44482285078	16.0938621240596
1837	-164.640674812395	16.1228194248124
1838	-164.83652677401	16.1517767255653
1839	-165.032378735626	16.1807340263181
1840	-165.228230697241	16.209691327071
1841	-165.425378656789	16.2390460220749
1842	-165.622526616337	16.2684007170789
1843	-165.819674575884	16.2977554120829
1844	-166.016822535432	16.3271101070868
1845	-166.21397049498	16.3564648020908
1846	-166.411118454527	16.3858194970947
1847	-166.608266414075	16.4151741920987
1848	-166.805414373623	16.4445288871027
1849	-167.00256233317	16.4738835821066
1850	-167.199710292718	16.5032382771106
1851	-167.398158736122	16.5329945739837
1852	-167.596607179526	16.5627508708568
1853	-167.79505562293	16.59250716773
1854	-167.993504066333	16.6222634646031
1855	-168.191952509737	16.6520197614763
1856	-168.390400953141	16.6817760583494
1857	-168.588849396545	16.7115323552225
1858	-168.787297839949	16.7412886520957
1859	-168.985746283352	16.7710449489688
1860	-169.184194726756	16.8008012458419
1861	-169.383947668065	16.830963364834
1862	-169.583700609374	16.8611254838261
1863	-169.783453550682	16.8912876028182
1864	-169.983206491991	16.9214497218102
1865	-170.1829594333	16.9516118408023
1866	-170.382712374609	16.9817739597944
1867	-170.582465315918	17.0119360787865
1868	-170.782218257226	17.0420981977786
1869	-170.981971198535	17.0722603167707
1870	-171.181724139844	17.1024224357627
1871	-171.382786159371	17.1329946745271
1872	-171.583848178898	17.1635669132915
1873	-171.784910198425	17.1941391520558
1874	-171.985972217951	17.2247113908202
1875	-172.187034237478	17.2552836295845
1876	-172.388096257005	17.2858558683489
1877	-172.589158276532	17.3164281071132
1878	-172.790220296059	17.3470003458776
1879	-172.991282315586	17.377572584642
1880	-173.192344335112	17.4081448234063
1881	-173.394719270225	17.4391314764946
1882	-173.597094205337	17.4701181295829
1883	-173.799469140449	17.5011047826711
1884	-174.001844075561	17.5320914357594
1885	-174.204219010673	17.5630780888477
1886	-174.406593945786	17.5940647419359
1887	-174.608968880898	17.6250513950242
1888	-174.81134381601	17.6560380481125
1889	-175.013718751122	17.6870247012007
1890	-175.216093686234	17.718011354289
1891	-175.419786207311	17.7494168055017
1892	-175.623478728388	17.7808222567145
1893	-175.827171249466	17.8122277079272
1894	-176.030863770543	17.8436331591399
1895	-176.23455629162	17.8750386103526
1896	-176.438248812697	17.9064440615654
1897	-176.641941333774	17.9378495127781
1898	-176.845633854851	17.9692549639908
1899	-177.049326375928	18.0006604152035
1900	-177.253018897005	18.0320658664163
1901	-177.458033458039	18.0638945343549
1902	-177.663048019073	18.0957232022935
1903	-177.868062580107	18.1275518702321
1904	-178.073077141141	18.1593805381706
1905	-178.278091702174	18.1912092061092
1906	-178.483106263208	18.2230378740478
1907	-178.688120824242	18.2548665419864
1908	-178.893135385276	18.286695209925
1909	-179.098149946309	18.3185238778636
1910	-179.303164507343	18.3503525458022
1911	-179.509505608213	18.382608892065
1912	-179.715846709084	18.4148652383278
1913	-179.922187809954	18.4471215845906
1914	-180.128528910825	18.4793779308534
1915	-180.334870011695	18.5116342771162
1916	-180.541211112566	18.543890623379
1917	-180.747552213436	18.5761469696418
1918	-180.953893314306	18.6084033159046
1919	-181.160234415177	18.6406596621674
1920	-181.366575516047	18.6729160084302
1921	-181.574247159911	18.7056045126888
1922	-181.781918803775	18.7382930169474
1923	-181.989590447638	18.770981521206
1924	-182.197262091502	18.8036700254646
1925	-182.404933735365	18.8363585297232
1926	-182.612605379229	18.8690470339818
1927	-182.820277023093	18.9017355382403
1928	-183.027948666956	18.9344240424989
1929	-183.23562031082	18.9671125467575
1930	-183.443291954684	18.9998010510161
1931	-183.652298996338	19.0329262834341
1932	-183.861306037992	19.066051515852
1933	-184.070313079646	19.09917674827
1934	-184.2793201213	19.1323019806879
1935	-184.488327162954	19.1654272131059
1936	-184.697334204608	19.1985524455238
1937	-184.906341246262	19.2316776779418
1938	-185.115348287916	19.2648029103597
1939	-185.32435532957	19.2979281427777
1940	-185.533362371224	19.3310533751957
1941	-185.743709168599	19.3646199277273
1942	-185.954055965974	19.3981864802589
1943	-186.164402763349	19.4317530327906
1944	-186.374749560724	19.4653195853222
1945	-186.585096358099	19.4988861378539
1946	-186.795443155474	19.5324526903855
1947	-187.005789952849	19.5660192429171
1948	-187.216136750224	19.5995857954488
1949	-187.426483547599	19.6331523479804
1950	-187.636830344974	19.666718900512
1951	-187.848521571467	19.70073142655
1952	-188.060212797959	19.734743952588
1953	-188.271904024452	19.7687564786259
1954	-188.483595250945	19.8027690046639
1955	-188.695286477437	19.8367815307018
1956	-188.90697770393	19.8707940567398
1957	-189.118668930423	19.9048065827777
1958	-189.330360156915	19.9388191088157
1959	-189.542051383408	19.9728316348536
1960	-189.7537426099	20.0068441608916
1961	-189.96678270725	20.0413073472164
1962	-190.179822804599	20.0757705335411
1963	-190.392862901948	20.1102337198659
1964	-190.605902999298	20.1446969061907
1965	-190.818943096647	20.1791600925155
1966	-191.031983193996	20.2136232788403
1967	-191.245023291346	20.248086465165
1968	-191.458063388695	20.2825496514898
1969	-191.671103486044	20.3170128378146
1970	-191.884143583394	20.3514760241394
1971	-192.098537032774	20.3863946081754
1972	-192.312930482154	20.4213131922115
1973	-192.527323931534	20.4562317762475
1974	-192.741717380915	20.4911503602836
1975	-192.956110830295	20.5260689443196
1976	-193.170504279675	20.5609875283557
1977	-193.384897729055	20.5959061123917
1978	-193.599291178436	20.6308246964278
1979	-193.813684627816	20.6657432804638
1980	-194.028078077196	20.7006618644998
1981	-194.243829960424	20.7360406620671
1982	-194.459581843651	20.7714194596343
1983	-194.675333726879	20.8067982572016
1984	-194.891085610106	20.8421770547688
1985	-195.106837493334	20.8775558523361
1986	-195.322589376561	20.9129346499033
1987	-195.538341259789	20.9483134474706
1988	-195.754093143016	20.9836922450378
1989	-195.969845026244	21.0190710426051
1990	-196.185596909471	21.0544498401723
1991	-196.402711513789	21.0902936773952
1992	-196.619826118107	21.1261375146181
1993	-196.836940722424	21.161981351841
1994	-197.054055326742	21.1978251890639
1995	-197.27116993106	21.2336690262868
1996	-197.488284535377	21.2695128635097
1997	-197.705399139695	21.3053567007326
1998	-197.922513744013	21.3412005379555
1999	-198.13962834833	21.3770443751784
2000	-198.356742952648	21.4128882124013
