wl(nm)	eps1	              eps2
200	0.192392594229848	3.33984932947815
201	0.178939768399494	3.36054245496969
202	0.164880293381386	3.38047677899808
203	0.145638288772877	3.39452187161648
204	0.117148299898457	3.39821915758731
205	0.0806143108575183	3.39404603113471
206	0.0403489918835356	3.38857173630083
207	7.05192494625738E-4	3.38841840365011
208	-0.0342907307314267	3.39959238668283
209	-0.0639830086853978	3.42174299346398
210	-0.0897043380083672	3.45076921635281
211	-0.112813115951878	3.48252157546149
212	-0.134667557743292	3.51285149049598
213	-0.15638433252228	3.53880414209386
214	-0.178362388084307	3.56097180912432
215	-0.200867976597158	3.58060257431424
216	-0.22416735022862	3.5989445203905
217	-0.248477132455831	3.6172133844894
218	-0.273271354495867	3.63614091787333
219	-0.297452398573528	3.65608629852056
220	-0.319907942116383	3.67739912053066
221	-0.339525662552002	3.7004289780032
222	-0.355315779173882	3.7254547854576
223	-0.368122100676764	3.75169788147319
224	-0.380199936507341	3.77756548057639
225	-0.39384090481332	3.80144385519581
226	-0.41133662374241	3.82171927776006
227	-0.434552186285127	3.83712049320968
228	-0.462200397942133	3.84890733239385
229	-0.491581199630895	3.8594740663576
230	-0.519987867813301	3.87122031727894
231	-0.544713678951238	3.88654570733587
232	-0.563331991771522	3.90759882284078
233	-0.576307626517318	3.93393665243783
234	-0.585811210578831	3.9635872812047
235	-0.594035418638256	3.99455903337833
236	-0.603172925377789	4.02486023319566
237	-0.615416405479625	4.05249920489365
238	-0.632522550921549	4.07591561646319
239	-0.653889919520176	4.09588217899801
240	-0.678123448997811	4.11395677939636
241	-0.703827479020923	4.13169789624891
242	-0.72960634925598	4.15066400814631
243	-0.754087920487904	4.17238669454488
244	-0.776814436981449	4.19735183105305
245	-0.798515959483215	4.22468688699455
246	-0.820001932514577	4.25342854711469
247	-0.842081800596912	4.28261349615877
248	-0.865565008251594	4.31127841887211
249	-0.891261	4.33846
250	-0.919702512638132	4.36352207816901
251	-0.9503154520605	4.38713710753073
252	-0.982249016436242	4.41030469611802
253	-1.01465240393449	4.43402445196372
254	-1.04667481272439	4.4592959831007
255	-1.07746544097508	4.4871188975618
256	-1.10630058494813	4.51826900895161
257	-1.13314398641752	4.55231167623729
258	-1.15819074404156	4.58840488498914
259	-1.18163613082434	4.62570631378923
260	-1.20367541976998	4.66337364121959
261	-1.22450388388258	4.70056454586231
262	-1.24431305716381	4.73645256163478
263	-1.26314911989477	4.77082759861607
264	-1.28086943273252	4.80428026132035
265	-1.29731873720078	4.8374546660186
266	-1.3123417748233	4.87099492898178
267	-1.32578328712383	4.90554516648086
268	-1.3374880156261	4.94174949478681
269	-1.3473007487023	4.98025177975519
270	-1.35512844261411	5.02136358599062
271	-1.3610627770507	5.06440909013048
272	-1.36522958421926	5.10852991597727
273	-1.36775469632701	5.15286768733346
274	-1.36876394558113	5.19656402800153
275	-1.36838316418884	5.23876056178397
276	-1.36673818435733	5.27859891248325
277	-1.36397017505509	5.31533825535064
278	-1.36030325840522	5.34887357546255
279	-1.35598947406473	5.37931383700727
280	-1.35128088272873	5.40676816542333
281	-1.34642954509229	5.43134568614928
282	-1.34168752185053	5.45315552462366
283	-1.33730687369854	5.47230680628501
284	-1.3335396613314	5.48890865657188
285	-1.33061523694351	5.50309289442603
286	-1.32842316627441	5.51533090083762
287	-1.32659144677782	5.52635545233402
288	-1.32474134746281	5.53690604944357
289	-1.32249413733847	5.5477221926946
290	-1.31947108541385	5.55954338261547
291	-1.31529346069805	5.57310911973449
292	-1.30958253220013	5.58915890458002
293	-1.3019936286335	5.6083691159213
294	-1.29269171280598	5.63047164398416
295	-1.28223406486045	5.65447130984343
296	-1.27118805670406	5.67935423183053
297	-1.26012106024393	5.70410652827686
298	-1.24960044738718	5.72771431751381
299	-1.24019359004096	5.7491637178728
300	-1.23246786011238	5.76744084768522
301	-1.22699045650558	5.78153214063375
302	-1.22409900313027	5.79084250151737
303	-1.22344897302734	5.79602026513642
304	-1.22456972004333	5.79794365735665
305	-1.22699059802479	5.79749090404381
306	-1.23024096081823	5.79554023106365
307	-1.23385016227019	5.79296986428192
308	-1.23734755622721	5.79065802956437
309	-1.24026249653583	5.78948295277675
310	-1.24212433704257	5.79032285978482
311	-1.24246678224836	5.79404746078796
312	-1.24116014839514	5.80086760572581
313	-1.23864533199048	5.80987733066541
314	-1.2354184989662	5.82006249117162
315	-1.23197581525409	5.83040894280927
316	-1.22881344678595	5.83990254114322
317	-1.22642755949358	5.84752914173831
318	-1.22531431930878	5.85227460015938
319	-1.22596989216334	5.85312477197128
320	-1.22889044398906	5.84906551273886
321	-1.23453574219097	5.83915409313216
322	-1.24282092436602	5.82351636539541
323	-1.25324187100643	5.80310077798462
324	-1.26528367785577	5.77887693938699
325	-1.27843144065758	5.75181445808971
326	-1.29217025515541	5.72288294257996
327	-1.30598521709282	5.69305200134495
328	-1.31936142221337	5.66329124287186
329	-1.3317839662606	5.63457027564788
330	-1.34273794497807	5.60785870816021
331	-1.35170845410934	5.58412614889603
332	-1.35819603576466	5.56431396012931
333	-1.36205649848889	5.54871384122965
334	-1.36350091726141	5.53696782866234
335	-1.36275581342833	5.52868971267942
336	-1.36004770833576	5.52349328353291
337	-1.35560312332982	5.52099233147487
338	-1.34964857975662	5.52080064675734
339	-1.34241059896227	5.52253201963235
340	-1.33411570229289	5.52580024035194
341	-1.32499041109458	5.53021909916816
342	-1.31526124671346	5.53540238633305
343	-1.30515454949059	5.54097052643293
344	-1.29489249665118	5.54669653374297
345	-1.2846931023045	5.55250601222712
346	-1.2747741995548	5.55833120018365
347	-1.26535362150635	5.5641043359108
348	-1.2566492012634	5.56975765770684
349	-1.24887877193019	5.57522340387003
350	-1.24226016661099	5.58043381269862
351	-1.23701121841004	5.58532112249087
352	-1.23334976043159	5.58981757154505
353	-1.23149362577991	5.5938553981594
354	-1.23166064755924	5.59736684063218
355	-1.23403631808521	5.60029503378868
356	-1.23856711103257	5.60266364459915
357	-1.24509237121372	5.6045324347796
358	-1.25345093811626	5.60596133630426
359	-1.26348165122781	5.60701028114737
360	-1.27502335003596	5.60773920128318
361	-1.2879148740283	5.60820802868591
362	-1.30199506269245	5.60847669532982
363	-1.31710275551599	5.60860513318913
364	-1.33307679198654	5.60865327423809
365	-1.34975601159169	5.60868105045093
366	-1.36697925381903	5.6087483938019
367	-1.38458535815618	5.60891523626523
368	-1.40241317267696	5.60924150377356
369	-1.42031293937437	5.60977910506078
370	-1.43816875572248	5.61055612684513
371	-1.45587097855261	5.6115962515209
372	-1.47330996469607	5.61292316148239
373	-1.4903760709842	5.61456053912389
374	-1.5069596542483	5.61653206683969
375	-1.52295107131971	5.61886142702407
376	-1.53824067902974	5.62157230207132
377	-1.55271883420972	5.62468837437575
378	-1.56627589369096	5.62823332633163
379	-1.5788022143048	5.63223084033326
380	-1.59018815288254	5.63670459877492
381	-1.60032406625551	5.64167828405091
382	-1.60910519826611	5.64717320209582
383	-1.6165391940113	5.65315600027109
384	-1.62274609984263	5.659538667365
385	-1.62785084912274	5.66623081570614
386	-1.63197837521424	5.6731420576231
387	-1.63525361147975	5.68018200544448
388	-1.6378014912819	5.68726027149885
389	-1.63974694798331	5.6942864681148
390	-1.64121491494661	5.70117020762092
391	-1.64233032553441	5.70782110234581
392	-1.64321811310934	5.71414876461804
393	-1.64400321103403	5.72006280676621
394	-1.64481055267109	5.7254728411189
395	-1.64576507138314	5.73028848000471
396	-1.64699170053282	5.73441933575221
397	-1.64861537348274	5.73777502069
398	-1.65075369675213	5.74027116135719
399	-1.65341464557397	5.74191337470219
400	-1.65652180079996	5.74277655246869
401	-1.65999657236524	5.74293736838868
402	-1.66376037020496	5.74247249619416
403	-1.66773460425427	5.74145860961713
404	-1.67184068444832	5.73997238238957
405	-1.67600002072224	5.73809048824348
406	-1.68013402301119	5.73588960091086
407	-1.68416410125031	5.7334463941237
408	-1.68801166537475	5.73083754161399
409	-1.69159812531965	5.72813971711372
410	-1.69484489102016	5.7254295943549
411	-1.69767337241143	5.72278384706952
412	-1.7000049794286	5.72027914898956
413	-1.70176112200683	5.71799217384703
414	-1.70287234752831	5.71598984222737
415	-1.70336353486238	5.71423838698446
416	-1.70331521339416	5.7126446406132
417	-1.70280863178307	5.71111466786806
418	-1.7019250386885	5.70955453350354
419	-1.70074568276985	5.70787030227411
420	-1.69935181268653	5.70596803893427
421	-1.69782467709794	5.70375380823851
422	-1.69624552466347	5.70113367494129
423	-1.69469560404253	5.69801370379713
424	-1.69325616389452	5.69429995956049
425	-1.69200845287884	5.68989850698586
426	-1.69103371965489	5.68471541082773
427	-1.69041321288208	5.67865673584059
428	-1.6902281812198	5.67162854677892
429	-1.69055987332745	5.66353690839721
430	-1.69148953786444	5.65428788544994
431	-1.69309502659567	5.64379123288341
432	-1.69537606271269	5.63204158005558
433	-1.69825424083365	5.61911843073604
434	-1.70164775868224	5.60510497888621
435	-1.70547481398213	5.59008441846751
436	-1.70965360445699	5.57413994344136
437	-1.7141023278305	5.55735474776917
438	-1.71873918182633	5.53981202541236
439	-1.72348236416816	5.52159497033234
440	-1.72825007257966	5.50278677649054
441	-1.73296050478451	5.48347063784836
442	-1.73753185850638	5.46372974836723
443	-1.74188233146895	5.44364730200855
444	-1.74593012139589	5.42330649273376
445	-1.74959342601087	5.40279051450426
446	-1.75279044303758	5.38218256128146
447	-1.75543937019968	5.3615658270268
448	-1.75745840522085	5.34102350570168
449	-1.75876574582476	5.32063879126751
450	-1.7592795897351	5.30049487768572
451	-1.75891816665882	5.28067493125919
452	-1.75764214814101	5.26122541541753
453	-1.75553831587566	5.2420837359948
454	-1.75271676738189	5.22316713575451
455	-1.74928760017887	5.20439285746016
456	-1.74536091178571	5.18567814387528
457	-1.74104679972156	5.16694023776337
458	-1.73645536150557	5.14809638188793
459	-1.73169669465687	5.12906381901249
460	-1.7268808966946	5.10975979190055
461	-1.7221180651379	5.09010154331562
462	-1.71751829750591	5.07000631602121
463	-1.71319169131776	5.04939135278084
464	-1.70924834409261	5.02817389635801
465	-1.70579835334958	5.00627118951623
466	-1.70295181660782	4.98360047501901
467	-1.70081883138646	4.96007899562987
468	-1.69950949520465	4.93562399411232
469	-1.69913390558153	4.91015271322986
470	-1.69980216003623	4.88358239574601
471	-1.7016243560879	4.85583028442428
472	-1.70470825395824	4.82681756117411
473	-1.70912664097424	4.79652434919973
474	-1.71492538225922	4.76497614483081
475	-1.72214965040396	4.73219961155135
476	-1.73084461799921	4.69822141284539
477	-1.74105545763574	4.66306821219692
478	-1.75282734190432	4.62676667308997
479	-1.76620544339572	4.58934345900856
480	-1.7812349347007	4.55082523343668
481	-1.79796098841002	4.51123865985837
482	-1.81642877711446	4.47061040175764
483	-1.83668347340478	4.4289671226185
484	-1.85877024987174	4.38633548592496
485	-1.88273427910611	4.34274215516105
486	-1.90862073369866	4.29821379381078
487	-1.93647478624016	4.25277706535815
488	-1.96634160932136	4.2064586332872
489	-1.99826637553304	4.15928516108193
490	-2.03229425746596	4.11128331222635
491	-2.06847042771089	4.06247975020449
492	-2.10684005885859	4.01290113850036
493	-2.14744832349983	3.96257414059797
494	-2.19034039422537	3.91152541998134
495	-2.23556144362599	3.85978164013448
496	-2.28315661752235	3.80736947840176
497	-2.33313553782203	3.75433400480502
498	-2.38540227195679	3.70077494070553
499	-2.4398413719608	3.64680211165585
500	-2.4963373898682	3.59252534320858
501	-2.55477487771315	3.53805446091628
502	-2.61503838752978	3.48349929033153
503	-2.67701247135227	3.42896965700692
504	-2.74058168121474	3.37457538649503
505	-2.80563056915136	3.32042630434843
506	-2.87204368719628	3.26663223611971
507	-2.93970558738364	3.21330300736143
508	-3.0085008217476	3.16054844362619
509	-3.0783139423223	3.10847837046656
510	-3.1490295011419	3.05720261343511
511	-3.22053205024055	3.00683099808444
512	-3.29270614165239	2.95747334996712
513	-3.36543632741158	2.90923949463572
514	-3.43860715955226	2.86223925764283
515	-3.5121031901086	2.81658246454102
516	-3.58580897111473	2.77237894088288
517	-3.65960905460482	2.72973851222099
518	-3.733387992613	2.68877100410791
519	-3.80703033717343	2.64958624209625
520	-3.88042064032026	2.61229405173856
521	-3.95344347610085	2.57700422519633
522	-4.02601263009233	2.54378224464598
523	-4.09812868595917	2.51256193117034
524	-4.16980827499596	2.48325276374291
525	-4.24106802849733	2.45576422133715
526	-4.31192457775787	2.43000578292657
527	-4.3823945540722	2.40588692748464
528	-4.45249458873491	2.38331713398485
529	-4.52224131304063	2.36220588140068
530	-4.59165135828395	2.34246264870562
531	-4.66074135575949	2.32399691487316
532	-4.72952793676185	2.30671815887677
533	-4.79802773258564	2.29053585968994
534	-4.86625737452546	2.27535949628616
535	-4.93423349387593	2.26109854763891
536	-5.00197272193165	2.24766249272167
537	-5.06949168998723	2.23496081050794
538	-5.13680702933728	2.22290297997119
539	-5.2039353712764	2.21139848008491
540	-5.2708933470992	2.20035678982258
541	-5.3376975881003	2.1896873881577
542	-5.40436472557429	2.17929975406374
543	-5.47091139081578	2.16910336651418
544	-5.53735421511939	2.15900770448252
545	-5.60370982977972	2.14892224694224
546	-5.66999486609138	2.13875647286682
547	-5.73622595534897	2.12841986122974
548	-5.8024197288471	2.1178218910045
549	-5.86859274230454	2.10687325390802
550	-5.93475861342898	2.09553178705887
551	-6.00092714334785	2.08381657111985
552	-6.06710787812009	2.07175077976289
553	-6.13331036380463	2.05935758665995
554	-6.19954414646041	2.04666016548295
555	-6.26581877214637	2.03368168990385
556	-6.33214378692145	2.02044533359458
557	-6.39852873684459	2.00697427022709
558	-6.46498316797472	1.99329167347332
559	-6.53151662637077	1.97942071700521
560	-6.5981386580917	1.9653845744947
561	-6.66485880919644	1.95120641961373
562	-6.73168662574392	1.93690942603425
563	-6.79863165379309	1.9225167674282
564	-6.86570343940288	1.90805161746751
565	-6.93291152863223	1.89353714982414
566	-7.00026546754007	1.87899653817002
567	-7.06777480218535	1.8644529561771
568	-7.135449078627	1.84992957751731
569	-7.20329784292397	1.83544957586261
570	-7.27133064113518	1.82103612488492
571	-7.33955701931959	1.80671239825619
572	-7.40798652353611	1.79250156964837
573	-7.4766286998437	1.7784268127334
574	-7.54549309430129	1.76451130118321
575	-7.61458925296782	1.75077820866976
576	-7.68392672190223	1.73725070886497
577	-7.75351504716345	1.7239519754408
578	-7.82336377481043	1.71090518206918
579	-7.89348245090209	1.69813350242206
580	-7.96388062149739	1.68566011017138
581	-8.03456783265525	1.67350817898909
582	-8.10555363043462	1.66170088254711
583	-8.17684454393891	1.65025671293385
584	-8.24843078422547	1.63916884058624
585	-8.32029707058212	1.62842191404633
586	-8.39242811815821	1.61800057543423
587	-8.46480864210308	1.60788946687008
588	-8.53742335756608	1.59807323047401
589	-8.61025697969655	1.58853650836613
590	-8.68329422364384	1.57926394266657
591	-8.7565198045573	1.57024017549545
592	-8.82991843758627	1.56144984897291
593	-8.90347483788009	1.55287760521906
594	-8.97717372058811	1.54450808635404
595	-9.05099980085967	1.53632593449795
596	-9.12493779384413	1.52831579177094
597	-9.19897241469082	1.52046230029313
598	-9.2730883785491	1.51275010218464
599	-9.3472704005683	1.50516383956559
600	-9.42150319589777	1.49768815455611
601	-9.49577147968686	1.49030768927633
602	-9.57005996708491	1.48300708584637
603	-9.64435337324126	1.47577098638635
604	-9.71863641330527	1.46858403301641
605	-9.79289380242628	1.46143086785666
606	-9.86711025575363	1.45429613302723
607	-9.94127048843667	1.44716447064824
608	-10.0153592156247	1.44002052283983
609	-10.0893611524672	1.43284893172211
610	-10.1632610141134	1.42563433941521
611	-10.2370435157126	1.41836138803925
612	-10.3106933724143	1.41101471971437
613	-10.3841952993677	1.40357897656068
614	-10.4575340117222	1.39603880069831
615	-10.5306942246272	1.38837883424739
616	-10.603660653232	1.38058371932803
617	-10.6764180417083	1.37263813401623
618	-10.7489572869811	1.36453437903095
619	-10.8212830135801	1.35628176221439
620	-10.8934017034698	1.34789189258396
621	-10.9653198386151	1.3393763791571
622	-11.0370439009805	1.33074683095125
623	-11.1085803725306	1.32201485698383
624	-11.1799357352301	1.31319206627227
625	-11.2511164710437	1.30429006783401
626	-11.3221290619359	1.29532047068647
627	-11.3929799898715	1.28629488384708
628	-11.463675736815	1.27722491633328
629	-11.5342227847311	1.26812217716249
630	-11.6046276155844	1.25899827535215
631	-11.6748967113396	1.24986481991968
632	-11.7450365539614	1.24073341988252
633	-11.8150536254143	1.23161568425809
634	-11.884954407663	1.22252322206383
635	-11.9547453826722	1.21346764231716
636	-12.0244330324064	1.20446055403552
637	-12.0940238388304	1.19551356623634
638	-12.1635242839087	1.18663828793705
639	-12.2329408496061	1.17784632815507
640	-12.3022800178871	1.16914929590784
641	-12.3715482707164	1.16055880021279
642	-12.4407520900586	1.15208645008735
643	-12.5098979578785	1.14374385454895
644	-12.5789923561405	1.13554262261502
645	-12.6480417668094	1.12749436330298
646	-12.7170526718498	1.11961068563028
647	-12.7860315532263	1.11190319861434
648	-12.8549848929036	1.10438351127258
649	-12.9239191728463	1.09706323262245
650	-12.9928408750191	1.08995397168137
651	-13.0617564813866	1.08306733746677
652	-13.1306724739135	1.07641493899609
653	-13.1995953345643	1.07000838528674
654	-13.2685315453038	1.06385928535617
655	-13.3374875880965	1.0579792482218
656	-13.4064699449072	1.05237988290106
657	-13.4754850977004	1.04707279841139
658	-13.5445395284408	1.04206960377021
659	-13.613639719093	1.03738190799496
660	-13.6827920186059	1.03302092844664
661	-13.751999716564	1.02898887438872
662	-13.8212630431879	1.02527894698706
663	-13.8905820956822	1.02188395575116
664	-13.9599569712515	1.01879671019046
665	-14.0293877671004	1.01601001981445
666	-14.0988745804336	1.01351669413259
667	-14.1684175084558	1.01130954265436
668	-14.2380166483714	1.00938137488922
669	-14.3076720973853	1.00772500034664
670	-14.3773839527019	1.0063332285361
671	-14.447152311526	1.00519886896705
672	-14.5169772710622	1.00431473114899
673	-14.586858928515	1.00367362459136
674	-14.6567973810892	1.00326835880364
675	-14.7267927259894	1.00309174329531
676	-14.7968450604202	1.00313658757583
677	-14.8669544815862	1.00339570115467
678	-14.9371210866921	1.0038618935413
679	-15.0073449729425	1.00452797424519
680	-15.077626237542	1.00538675277581
681	-15.1479649776953	1.00643103864263
682	-15.218361290607	1.00765364135513
683	-15.2888152734818	1.00904737042276
684	-15.3593270235242	1.01060503535501
685	-15.4298966379389	1.01231944566133
686	-15.5005242139305	1.0141834108512
687	-15.5712098487037	1.0161897404341
688	-15.6419536394631	1.01833124391948
689	-15.7127556834133	1.02060073081682
690	-15.783616077759	1.02299101063559
691	-15.8545349197048	1.02549489288526
692	-15.9255123064553	1.02810518707529
693	-15.9965483352152	1.03081470271517
694	-16.0676431031891	1.03361624931435
695	-16.1387967075816	1.03650263638231
696	-16.2100092455973	1.03946667342852
697	-16.281280814441	1.04250116996245
698	-16.3526115113171	1.04559893549356
699	-16.4240014334305	1.04875277953133
700	-16.4954506779856	1.05195551158523
701	-16.5669593421871	1.05519994116473
702	-16.6385275232397	1.05847887777929
703	-16.710155318348	1.06178513093838
704	-16.7818428247166	1.06511151015149
705	-16.8535901540805	1.06845099358501
706	-16.9253977523718	1.07180043851505
707	-16.9972663997197	1.07516058132742
708	-17.0691968907838	1.07853232706484
709	-17.1411900202237	1.08191658077005
710	-17.2132465826991	1.0853142474858
711	-17.2853673728694	1.08872623225482
712	-17.3575531853943	1.09215344011986
713	-17.4298048149333	1.09559677612363
714	-17.5021230561461	1.0990571453089
715	-17.5745087036922	1.10253545271839
716	-17.6469625522312	1.10603260339485
717	-17.7194853964227	1.10954950238101
718	-17.7920780309263	1.11308705471961
719	-17.8647412504015	1.11664616545338
720	-17.937475849508	1.12022773962508
721	-18.0102826229053	1.12383268227743
722	-18.083162365253	1.12746189845318
723	-18.1561158712107	1.13111629319505
724	-18.229143935438	1.1347967715458
725	-18.3022473525944	1.13850423854816
726	-18.3754269173396	1.14223959924486
727	-18.4486834243331	1.14600375867865
728	-18.5220176682346	1.14979762189227
729	-18.5954304437035	1.15362209392845
730	-18.6689225453995	1.15747807982993
731	-18.7424947679822	1.16136648463944
732	-18.8161479061111	1.16528821339974
733	-18.8898827544459	1.16924417115355
734	-18.9637001076461	1.17323526294362
735	-19.0376007603713	1.17726239381268
736	-19.1115855072811	1.18132646880347
737	-19.185655143035	1.18542839295873
738	-19.2598104622928	1.1895690713212
739	-19.3340522597138	1.19374940893362
740	-19.4083813299578	1.19797031083872
741	-19.4827984676843	1.20223268207924
742	-19.5573044675529	1.20653742769793
743	-19.6319001242231	1.21088545273752
744	-19.7065862323546	1.21527766224074
745	-19.781363586607	1.21971496125034
746	-19.8562329816398	1.22419825480906
747	-19.9311952121126	1.22872844795963
748	-20.006251072685	1.23330644574479
749	-20.0814013580166	1.23793315320728
750	-20.156646862767	1.24260947538984
751	-20.2319883815957	1.24733631733521
752	-20.3074267091624	1.25211458408612
753	-20.3829626401265	1.25694518068532
754	-20.4585969691478	1.26182901217554
755	-20.5343304908858	1.26676698359952
756	-20.610164	1.27176
757	-20.6860983309977	1.27680848713811
758	-20.7621344777762	1.28191095364853
759	-20.8382734740806	1.28706542888436
760	-20.9145163536559	1.29226994219867
761	-20.9908641502472	1.29752252294455
762	-21.0673178975993	1.30282120047507
763	-21.1438786294575	1.30816400414332
764	-21.2205473795665	1.31354896330238
765	-21.2973251816716	1.31897410730534
766	-21.3742130695176	1.32443746550527
767	-21.4512120768497	1.32993706725525
768	-21.5283232374128	1.33547094190837
769	-21.6055475849519	1.34103711881772
770	-21.682886153212	1.34663362733636
771	-21.7603399759382	1.35225849681739
772	-21.8379100868755	1.35790975661389
773	-21.9155975197689	1.36358543607893
774	-21.9934033083635	1.3692835645656
775	-22.0713284864041	1.37500217142698
776	-22.1493740876359	1.38073928601616
777	-22.2275411458038	1.38649293768621
778	-22.3058306946529	1.39226115579022
779	-22.3842437679282	1.39804196968127
780	-22.4627813993747	1.40383340871244
781	-22.5414446227374	1.40963350223681
782	-22.6202344717613	1.41544027960746
783	-22.6991519801915	1.42125177017749
784	-22.778198181773	1.42706600329996
785	-22.8573741102507	1.43288100832796
786	-22.9366807993697	1.43869481461457
787	-23.016119282875	1.44450545151288
788	-23.0956905945116	1.45031094837596
789	-23.1753957680246	1.4561093345569
790	-23.2552358371589	1.46189863940879
791	-23.3352118356596	1.46767689228469
792	-23.4153247972717	1.4734421225377
793	-23.4955757557401	1.47919235952089
794	-23.57596574481	1.48492563258735
795	-23.6564957982263	1.49063997109016
796	-23.737166949734	1.4963334043824
797	-23.8179802330782	1.50200396181715
798	-23.8989366820039	1.5076496727475
799	-23.980037330256	1.51326856652652
800	-24.0612832115796	1.5188586725073
801	-24.1426753597198	1.52441802004293
802	-24.2242148084215	1.52994463848647
803	-24.3059025914297	1.53543655719102
804	-24.3877397424895	1.54089180550966
805	-24.4697272953459	1.54630841279547
806	-24.5518662837438	1.55168440840152
807	-24.6341577414284	1.55701782168091
808	-24.7166027021446	1.56230668198671
809	-24.7992021996374	1.56754901867201
810	-24.8819572676518	1.57274286108988
811	-24.964868939933	1.57788623859341
812	-25.0479382502258	1.58297718053569
813	-25.1311662322753	1.58801371626979
814	-25.2145539198265	1.59299387514879
815	-25.2981023466244	1.59791568652578
816	-25.3818125464141	1.60277717975384
817	-25.4656855529405	1.60757638418605
818	-25.5497223999487	1.61231132917549
819	-25.6339241211837	1.61698004407525
820	-25.7182917503904	1.6215805582384
821	-25.802826321314	1.62611090101804
822	-25.8875283458854	1.63056967363239
823	-25.9723955136585	1.63495857039207
824	-26.0574245643281	1.63928032657485
825	-26.1426122368734	1.64353767824297
826	-26.2279552702734	1.64773336145864
827	-26.3134504035073	1.65187011228411
828	-26.399094375554	1.65595066678159
829	-26.4848839253928	1.65997776101332
830	-26.5708157920025	1.66395413104152
831	-26.6568867143624	1.66788251292842
832	-26.7430934314516	1.67176564273626
833	-26.8294326822489	1.67560625652726
834	-26.9159012057337	1.67940709036365
835	-27.0024957408849	1.68317088030765
836	-27.0892130266816	1.68690036242151
837	-27.176049802103	1.69059827276744
838	-27.263002806128	1.69426734740767
839	-27.3500687777357	1.69791032240443
840	-27.4372444559053	1.70152993381996
841	-27.5245265796159	1.70512891771648
842	-27.6119118878464	1.70871001015621
843	-27.6993971195759	1.71227594720139
844	-27.7869790137837	1.71582946491425
845	-27.8746543094486	1.71937329935702
846	-27.9624197455499	1.72291018659191
847	-28.0502720610666	1.72644286268117
848	-28.1382079949777	1.72997406368702
849	-28.2262242862624	1.73350652567169
850	-28.3143176738996	1.7370429846974
851	-28.4024848968686	1.7405861768264
852	-28.4907226941484	1.74413883812089
853	-28.579027804718	1.74770370464313
854	-28.6673969675566	1.75128351245532
855	-28.7558269216432	1.75488099761971
856	-28.8443144059568	1.75849889619851
857	-28.9328561594767	1.76213994425396
858	-29.0214489211818	1.7658068778483
859	-29.1100894300512	1.76950243304373
860	-29.198774425064	1.7732293459025
861	-29.2875006451993	1.77699035248684
862	-29.3762648294362	1.78078818885896
863	-29.4650637167537	1.78462559108111
864	-29.553894046131	1.7885052952155
865	-29.642752556547	1.79243003732438
866	-29.731635986981	1.79640255346996
867	-29.8205410764118	1.80042557971447
868	-29.9094645638188	1.80450185212015
869	-29.9984031881808	1.80863410674922
870	-30.087353688477	1.81282507966391
871	-30.1763128036865	1.81707750692645
872	-30.2652772727884	1.82139412459907
873	-30.3542438347617	1.82577766874399
874	-30.4432092285855	1.83023087542345
875	-30.5321701932388	1.83475648069968
876	-30.6211234677009	1.8393572206349
877	-30.7100657909506	1.84403583129134
878	-30.7989939019673	1.84879504873123
879	-30.8879045397298	1.8536376090168
880	-30.9767944432172	1.85856624821027
881	-31.0656603514088	1.86358370237389
882	-31.1544990032835	1.86869270756986
883	-31.2433071378204	1.87389599986043
884	-31.3320814939985	1.87919631530783
885	-31.4208188107971	1.88459638997427
886	-31.5095158271951	1.89009895992199
887	-31.5981692821716	1.89570676121322
888	-31.6867759147058	1.90142252991019
889	-31.7753324637766	1.90724900207512
890	-31.8638356683632	1.91318891377025
891	-31.9522822674447	1.9192450010578
892	-32.040669	1.92542
893	-32.1289936260603	1.93171590826747
894	-32.2172579898643	1.93813176996438
895	-32.3054649567027	1.9446658908033
896	-32.3936173918663	1.9513165764968
897	-32.4817181606457	1.95808213275742
898	-32.5697701283316	1.96496086529775
899	-32.6577761602148	1.97195107983033
900	-32.745739121586	1.97905108206774
901	-32.8336618777358	1.98625917772254
902	-32.9215472939551	1.9935736725073
903	-33.0093982355344	2.00099287213457
904	-33.0972175677645	2.00851508231692
905	-33.1850081559361	2.01613860876691
906	-33.27277286534	2.02386175719711
907	-33.3605145612668	2.03168283332008
908	-33.4482361090072	2.03960014284839
909	-33.535940373852	2.04761199149459
910	-33.6236302210918	2.05571668497126
911	-33.7113085160174	2.06391252899095
912	-33.7989781239195	2.07219782926623
913	-33.8866419100888	2.08057089150966
914	-33.974302739816	2.08903002143381
915	-34.0619634783918	2.09757352475124
916	-34.1496269911068	2.10619970717452
917	-34.237296143252	2.1149068744162
918	-34.3249738001178	2.12369333218885
919	-34.4126628269951	2.13255738620503
920	-34.5003660891746	2.14149734217732
921	-34.5880864519469	2.15051150581827
922	-34.6758267806028	2.15959818284044
923	-34.763589940433	2.1687556789564
924	-34.8513787967281	2.17798229987871
925	-34.939196214779	2.18727635131994
926	-35.0270450598762	2.19663613899265
927	-35.1149281973106	2.20605996860941
928	-35.2028484923729	2.21554614588277
929	-35.2908088103536	2.2250929765253
930	-35.3788120165436	2.23469876624957
931	-35.4668609762336	2.24436182076813
932	-35.5549585547142	2.25408044579356
933	-35.6431076172762	2.26385294703841
934	-35.7313110292103	2.27367763021525
935	-35.8195716558072	2.28355280103665
936	-35.9078923623576	2.29347676521516
937	-35.9962760141522	2.30344782846335
938	-36.0847254764817	2.31346429649379
939	-36.1732436146368	2.32352447501903
940	-36.2618332939083	2.33362666975164
941	-36.3504973795869	2.34376918640419
942	-36.4392387369632	2.35395033068924
943	-36.5280602313279	2.36416840831934
944	-36.6169647279719	2.37442172500708
945	-36.7059550921857	2.384708586465
946	-36.7950341892602	2.39502729840568
947	-36.8842048844859	2.40537616654167
948	-36.9734700431537	2.41575349658554
949	-37.0628325305542	2.42615759424986
950	-37.1522952119781	2.43658676524718
951	-37.2418609527161	2.44703931529008
952	-37.3315326180591	2.45751355009111
953	-37.4213130732975	2.46800777536283
954	-37.5112051837223	2.47852029681782
955	-37.601211814624	2.48904942016864
956	-37.6913358312935	2.49959345112784
957	-37.7815800990213	2.510150695408
958	-37.8719474830982	2.52071945872168
959	-37.962440848815	2.53129804678143
960	-38.0530630614622	2.54188476529983
961	-38.1438169863308	2.55247791998944
962	-38.2347054887112	2.56307581656281
963	-38.3257314338944	2.57367676073252
964	-38.4168976871709	2.58427905821113
965	-38.5082071138314	2.59488101471121
966	-38.5996625791668	2.6054809359453
967	-38.6912669484676	2.61607712762599
968	-38.7830230870247	2.62666789546583
969	-38.8749338601286	2.63725154517739
970	-38.9670021330702	2.64782638247322
971	-39.0592307711401	2.6583907130659
972	-39.1516226396291	2.66894284266799
973	-39.2441806038278	2.67948107699205
974	-39.336907529027	2.69000372175065
975	-39.4298062805173	2.70050908265634
976	-39.5228797235895	2.71099546542169
977	-39.6161307235343	2.72146117575927
978	-39.7095621456424	2.73190451938164
979	-39.8031768552045	2.74232380200137
980	-39.8969777175114	2.752717329331
981	-39.9909675978536	2.76308340708312
982	-40.085149361522	2.77342034097029
983	-40.1795258738072	2.78372643670506
984	-40.2741	2.794
985	-40.3688739902474	2.80423978376705
986	-40.4638476341219	2.8144463297156
987	-40.5590201060523	2.82462062675445
988	-40.6543905804675	2.83476366379237
989	-40.7499582317962	2.84487642973813
990	-40.8457222344674	2.85495991350052
991	-40.9416817629098	2.8650151039883
992	-41.0378359915522	2.87504299011027
993	-41.1341840948236	2.88504456077519
994	-41.2307252471527	2.89502080489184
995	-41.3274586229683	2.90497271136901
996	-41.4243833966994	2.91490126911546
997	-41.5214987427746	2.92480746703998
998	-41.6188038356229	2.93469229405135
999	-41.7162978496731	2.94455673905833
1000	-41.813979959354	2.95440179096972
1001	-41.9118493390944	2.96422843869428
1002	-42.0099051633232	2.9740376711408
1003	-42.1081466064692	2.98383047721806
1004	-42.2065728429612	2.99360784583482
1005	-42.305183047228	3.00337076589987
1006	-42.4039763936985	3.01312022632198
1007	-42.5029520568016	3.02285721600994
1008	-42.602109210966	3.03258272387252
1009	-42.7014470306205	3.0422977388185
1010	-42.8009646901941	3.05200324975666
1011	-42.9006613641155	3.06170024559577
1012	-43.0005362268135	3.07138971524461
1013	-43.100588452717	3.08107264761196
1014	-43.2008172162549	3.09075003160659
1015	-43.3012216918559	3.10042285613729
1016	-43.4018010539489	3.11009211011284
1017	-43.5025544769627	3.119758782442
1018	-43.6034811353261	3.12942386203356
1019	-43.7045802034679	3.1390883377963
1020	-43.8058508558171	3.14875319863898
1021	-43.9072922668024	3.1584194334704
1022	-44.0089036108527	3.16808803119933
1023	-44.1106840623967	3.17775998073454
1024	-44.2126327958634	3.18743627098482
1025	-44.3147489856814	3.19711789085894
1026	-44.4170318062798	3.20680582926567
1027	-44.5194804320873	3.2165010751138
1028	-44.6220940375327	3.22620461731211
1029	-44.7248717970448	3.23591744476937
1030	-44.8278128850526	3.24564054639436
1031	-44.9309164759847	3.25537491109585
1032	-45.0341817442701	3.26512152778263
1033	-45.1376078643376	3.27488138536347
1034	-45.241194010616	3.28465547274715
1035	-45.3449393575342	3.29444477884245
1036	-45.4488430795209	3.30425029255815
1037	-45.5529043510049	3.31407300280302
1038	-45.6571223464153	3.32391389848583
1039	-45.7614962401806	3.33377396851538
1040	-45.8660252067299	3.34365420180043
1041	-45.9707084204919	3.35355558724977
1042	-46.0755450558954	3.36347911377217
1043	-46.1805342873693	3.3734257702764
1044	-46.2856752893424	3.38339654567125
1045	-46.3909672362435	3.3933924288655
1046	-46.4964093025015	3.40341440876792
1047	-46.6020006625452	3.41346347428729
1048	-46.7077404908034	3.42354061433238
1049	-46.8136279617049	3.43364681781198
1050	-46.9196622496786	3.44378307363487
1051	-47.0258425291534	3.45395037070981
1052	-47.1321679745579	3.46414969794559
1053	-47.2386377603212	3.47438204425099
1054	-47.3452510608719	3.48464839853478
1055	-47.452007050639	3.49494974970574
1056	-47.5589049040512	3.50528708667265
1057	-47.6659437955374	3.51566139834428
1058	-47.7731228995264	3.52607367362942
1059	-47.8804413904471	3.53652490143684
1060	-47.9878984427282	3.54701607067532
1061	-48.0954932307986	3.55754817025363
1062	-48.2032249290872	3.56812218908056
1063	-48.3110927120227	3.57873911606489
1064	-48.4190957540341	3.58939994011538
1065	-48.52723322955	3.60010565014082
1066	-48.6355043129994	3.61085723504998
1067	-48.7439081788111	3.62165568375165
1068	-48.8524440014139	3.6325019851546
1069	-48.9611109552366	3.6433971281676
1070	-49.0699082147081	3.65434210169944
1071	-49.1788349542572	3.6653378946589
1072	-49.2878903483127	3.67638549595474
1073	-49.3970735713035	3.68748589449576
1074	-49.5063837976583	3.69864007919072
1075	-49.6158202018061	3.7098490389484
1076	-49.7253819581757	3.72111376267759
1077	-49.8350682411958	3.73243523928705
1078	-49.9448782252952	3.74381445768557
1079	-50.054811084903	3.75525240678193
1080	-50.1648659944478	3.7667500754849
1081	-50.2750421283585	3.77830845270325
1082	-50.3853386610639	3.78992852734578
1083	-50.4957547669929	3.80161128832125
1084	-50.6062896205742	3.81335772453845
1085	-50.7169423962368	3.82516882490614
1086	-50.8277122684094	3.83704557833311
1087	-50.9385984115209	3.84898897372814
1088	-51.0496	3.861
1089	-51.1607163527388	3.87307935563318
1090	-51.2719473664815	3.88522657741499
1091	-51.3832930824355	3.89744091170846
1092	-51.4947535418081	3.9097216048766
1093	-51.6063287858068	3.92206790328245
1094	-51.7180188556389	3.93447905328901
1095	-51.8298237925118	3.94695430125931
1096	-51.9417436376328	3.95949289355637
1097	-52.0537784322094	3.97209407654322
1098	-52.165928217449	3.98475709658287
1099	-52.2781930345588	3.99748120003835
1100	-52.3905729247463	4.01026563327268
1101	-52.5030679292189	4.02310964264888
1102	-52.6156780891839	4.03601247452997
1103	-52.7284034458487	4.04897337527897
1104	-52.8412440404207	4.06199159125891
1105	-52.9541999141073	4.07506636883281
1106	-53.0672711081158	4.08819695436369
1107	-53.1804576636537	4.10138259421456
1108	-53.2937596219283	4.11462253474846
1109	-53.4071770241469	4.1279160223284
1110	-53.520709911517	4.14126230331741
1111	-53.6343583252459	4.1546606240785
1112	-53.748122306541	4.1681102309747
1113	-53.8620018966097	4.18161037036903
1114	-53.9759971366594	4.19516028862451
1115	-54.0901080678974	4.20875923210417
1116	-54.2043347315312	4.22240644717102
1117	-54.318677168768	4.23610118018809
1118	-54.4331354208153	4.24984267751839
1119	-54.5477095288805	4.26363018552495
1120	-54.6623995341709	4.2774629505708
1121	-54.7772054778939	4.29134021901895
1122	-54.8921274012569	4.30526123723242
1123	-55.0071653454672	4.31922525157423
1124	-55.1223193517323	4.33323150840742
1125	-55.2375894612595	4.34727925409499
1126	-55.3529757152562	4.36136773499998
1127	-55.4684781549298	4.3754961974854
1128	-55.5840968214876	4.38966388791427
1129	-55.699831756137	4.40387005264962
1130	-55.8156830000855	4.41811393805446
1131	-55.9316505945403	4.43239479049182
1132	-56.0477345807089	4.44671185632473
1133	-56.1639349997986	4.46106438191619
1134	-56.2802518930169	4.47545161362924
1135	-56.396685301571	4.4898727978269
1136	-56.5132352666684	4.50432718087218
1137	-56.6299018295165	4.51881400912811
1138	-56.7466850313225	4.53333252895771
1139	-56.863584913294	4.547881986724
1140	-56.9806015166383	4.56246162879001
1141	-57.0977348825627	4.57707070151875
1142	-57.2149850522746	4.59170845127325
1143	-57.3323520669815	4.60637412441652
1144	-57.4498359678906	4.6210669673116
1145	-57.5674367962095	4.63578622632149
1146	-57.6851545931453	4.65053114780923
1147	-57.8029893999056	4.66530097813784
1148	-57.9209412576977	4.68009496367033
1149	-58.0390102077289	4.69491235076973
1150	-58.1571962912067	4.70975238579906
1151	-58.2754995493384	4.72461431512134
1152	-58.3939200233315	4.73949738509959
1153	-58.5124577543932	4.75440084209683
1154	-58.631112783731	4.7693239324761
1155	-58.7498851525523	4.78426590260039
1156	-58.8687749020643	4.79922599883275
1157	-58.9877820734745	4.81420346753619
1158	-59.1069067079904	4.82919755507374
1159	-59.2261488468191	4.8442075078084
1160	-59.3455085311682	4.85923257210321
1161	-59.464985802245	4.87427199432119
1162	-59.5845807012569	4.88932502082536
1163	-59.7042932694113	4.90439089797874
1164	-59.8241235479155	4.91946887214435
1165	-59.9440715779769	4.93455818968522
1166	-60.0641374008028	4.94965809696435
1167	-60.1843210576008	4.96476784034479
1168	-60.3046225895781	4.97988666618955
1169	-60.4250420379422	4.99501382086164
1170	-60.5455794439003	5.0101485507241
1171	-60.6662348486599	5.02529010213994
1172	-60.7870082934284	5.04043772147218
1173	-60.9078998194131	5.05559065508386
1174	-61.0289094678214	5.07074814933798
1175	-61.1500372798607	5.08590945059757
1176	-61.2712832967384	5.10107380522565
1177	-61.3926475596618	5.11624045958524
1178	-61.5141301098384	5.13140866003937
1179	-61.6357309884754	5.14657765295106
1180	-61.7574502367804	5.16174668468332
1181	-61.8792878959605	5.17691500159918
1182	-62.0012440072234	5.19208185006167
1183	-62.1233186117762	5.20724647643379
1184	-62.2455117508264	5.22240812707858
1185	-62.3678234655813	5.23756604835906
1186	-62.4902537972485	5.25271948663825
1187	-62.6128027870351	5.26786768827916
1188	-62.7354704761486	5.28300989964482
1189	-62.8582569057964	5.29814536709826
1190	-62.9811621171859	5.31327333700249
1191	-63.1041861515244	5.32839305572054
1192	-63.2273290500193	5.34350376961542
1193	-63.3505908538779	5.35860472505016
1194	-63.4739716043078	5.37369516838779
1195	-63.5974713425162	5.38877434599131
1196	-63.7210901097104	5.40384150422376
1197	-63.844827947098	5.41889588944816
1198	-63.9686848958863	5.43393674802752
1199	-64.0926609972826	5.44896332632487
1200	-64.2167562924943	5.46397487070323
1201	-64.3409708227289	5.47897062752562
1202	-64.4653046291936	5.49394984315506
1203	-64.5897577530959	5.50891176395458
1204	-64.7143302356431	5.5238556362872
1205	-64.8390221180426	5.53878070651593
1206	-64.9638334415018	5.55368622100381
1207	-65.0887642472281	5.56857142611385
1208	-65.2138145764288	5.58343556820906
1209	-65.3389844703114	5.59827789365249
1210	-65.4642739700831	5.61309764880714
1211	-65.5896831169514	5.62789408003604
1212	-65.7152119521237	5.6426664337022
1213	-65.8408605168074	5.65741395616866
1214	-65.9666288522097	5.67213589379843
1215	-66.0925169995381	5.68683149295454
1216	-66.218525	5.7015
1217	-66.3446528907887	5.71614084589992
1218	-66.4709006930418	5.73075420002769
1219	-66.5972684238825	5.74534041635879
1220	-66.7237561004345	5.7598998488687
1221	-66.850363739821	5.7744328515329
1222	-66.9770913591657	5.78893977832686
1223	-67.1039389755918	5.80342098322606
1224	-67.2309066062229	5.81787682020598
1225	-67.3579942681825	5.8323076432421
1226	-67.4852019785938	5.84671380630989
1227	-67.6125297545805	5.86109566338483
1228	-67.7399776132659	5.8754535684424
1229	-67.8675455717735	5.88978787545807
1230	-67.9952336472268	5.90409893840733
1231	-68.1230418567491	5.91838711126564
1232	-68.250970217464	5.93265274800849
1233	-68.3790187464948	5.94689620261136
1234	-68.507187460965	5.96111782904972
1235	-68.6354763779981	5.97531798129904
1236	-68.7638855147176	5.98949701333481
1237	-68.8924148882467	6.00365527913251
1238	-69.0210645157091	6.0177931326676
1239	-69.1498344142281	6.03191092791557
1240	-69.2787246009272	6.0460090188519
1241	-69.4077350929298	6.06008775945205
1242	-69.5368659073595	6.07414750369152
1243	-69.6661170613395	6.08818860554578
1244	-69.7954885719934	6.10221141899029
1245	-69.9249804564447	6.11621629800055
1246	-70.0545927318167	6.13020359655203
1247	-70.1843254152329	6.1441736686202
1248	-70.3141785238168	6.15812686818055
1249	-70.4441520746917	6.17206354920855
1250	-70.5742460849813	6.18598406567967
1251	-70.7044605718088	6.1998887715694
1252	-70.8347955522977	6.21377802085321
1253	-70.9652510435715	6.22765216750658
1254	-71.0958270627537	6.24151156550498
1255	-71.2265236269676	6.25535656882391
1256	-71.3573407533368	6.26918753143882
1257	-71.4882784589846	6.2830048073252
1258	-71.6193367610345	6.29680875045852
1259	-71.75051567661	6.31059971481427
1260	-71.8818152228345	6.32437805436792
1261	-72.0132354168314	6.33814412309495
1262	-72.1447762757243	6.35189827497083
1263	-72.2764378166364	6.36564086397104
1264	-72.4082200566914	6.37937224407106
1265	-72.5401230130125	6.39309276924637
1266	-72.6721467027234	6.40680279347244
1267	-72.8042911429474	6.42050267072476
1268	-72.9365563508079	6.43419275497879
1269	-73.0689423434285	6.44787340021001
1270	-73.2014491379325	6.46154496039392
1271	-73.3340767514434	6.47520778950597
1272	-73.4668252010847	6.48886224152164
1273	-73.5996945039797	6.50250867041643
1274	-73.732684677252	6.51614743016579
1275	-73.865795738025	6.52977887474522
1276	-73.9990277034221	6.54340335813018
1277	-74.1323805905668	6.55702123429615
1278	-74.2658544165825	6.57063285721862
1279	-74.3994491985927	6.58423858087305
1280	-74.5331649537208	6.59783875923493
1281	-74.6670016990902	6.61143374627973
1282	-74.8009594518245	6.62502389598294
1283	-74.935038229047	6.63860956232002
1284	-75.0692380478812	6.65219109926645
1285	-75.2035589254506	6.66576886079772
1286	-75.3380008788785	6.67934320088929
1287	-75.4725639252885	6.69291447351666
1288	-75.6072480818039	6.70648303265528
1289	-75.7420533655482	6.72004923228065
1290	-75.876979793645	6.73361342636823
1291	-76.0120273832175	6.74717596889352
1292	-76.1471961513893	6.76073721383197
1293	-76.2824861152839	6.77429751515907
1294	-76.4178972920245	6.7878572268503
1295	-76.5534296987348	6.80141670288114
1296	-76.6890833525381	6.81497629722706
1297	-76.8248582705579	6.82853636386354
1298	-76.9607544699176	6.84209725676605
1299	-77.0967719677407	6.85565932991008
1300	-77.2329107811506	6.8692229372711
1301	-77.3691709272708	6.88278843282458
1302	-77.5055524232247	6.89635617054602
1303	-77.6420552861358	6.90992650441087
1304	-77.7786795331275	6.92349978839463
1305	-77.9154251813232	6.93707637647276
1306	-78.0522922478464	6.95065662262075
1307	-78.1892807498206	6.96424088081407
1308	-78.3263907043692	6.9778295050282
1309	-78.4636221286156	6.99142284923861
1310	-78.6009750396832	7.00502126742079
1311	-78.7384494546956	7.01862511355021
1312	-78.8760453907762	7.03223474160235
1313	-79.0137628650484	7.04585050555268
1314	-79.1516018946356	7.05947275937669
1315	-79.2895624966614	7.07310185704984
1316	-79.4276446882491	7.08673815254763
1317	-79.5658484865222	7.10038199984551
1318	-79.7041739086042	7.11403375291899
1319	-79.8426209716184	7.12769376574351
1320	-79.9811896926884	7.14136239229458
1321	-80.1198800889375	7.15503998654766
1322	-80.2586921774894	7.16872690247823
1323	-80.3976259754672	7.18242349406177
1324	-80.5366814999946	7.19613011527376
1325	-80.6758587681949	7.20984712008966
1326	-80.8151577971917	7.22357486248497
1327	-80.9545786041083	7.23731369643515
1328	-81.0941212060682	7.25106397591569
1329	-81.2337856201948	7.26482605490206
1330	-81.3735718636117	7.27860028736974
1331	-81.5134799534421	7.29238702729421
1332	-81.6535099068097	7.30618662865094
1333	-81.7936617408378	7.31999944541541
1334	-81.9339354726498	7.3338258315631
1335	-82.0743311193693	7.34766614106949
1336	-82.2148486981197	7.36152072791004
1337	-82.3554882260243	7.37538994606025
1338	-82.4962497202067	7.38927414949559
1339	-82.6371331977904	7.40317369219153
1340	-82.7781386758986	7.41708892812355
1341	-82.919266171655	7.43102021126713
1342	-83.0605157021829	7.44496789559775
1343	-83.2018872846057	7.45893233509088
1344	-83.343380936047	7.472913883722
1345	-83.4849966736302	7.48691289546659
1346	-83.6267345144787	7.50092972430012
1347	-83.768594475716	7.51496472419808
1348	-83.9105765744655	7.52901824913594
1349	-84.0526808278506	7.54309065308917
1350	-84.1949072529948	7.55718229003326
1351	-84.3372558670216	7.57129351394369
1352	-84.4797266870543	7.58542467879592
1353	-84.6223197302165	7.59957613856543
1354	-84.7650350136317	7.61374824722771
1355	-84.9078725544231	7.62794135875824
1356	-85.0508323697143	7.64215582713248
1357	-85.1939144766287	7.65639200632591
1358	-85.3371188922898	7.67065025031402
1359	-85.480445633821	7.68493091307228
1360	-85.6238947183458	7.69923434857616
1361	-85.7674661629875	7.71356091080115
1362	-85.9111599848697	7.72791095372272
1363	-86.0549762011158	7.74228483131636
1364	-86.1989148288493	7.75668289755752
1365	-86.3429758851935	7.7711055064217
1366	-86.487159387272	7.78555301188437
1367	-86.6314653522081	7.80002576792101
1368	-86.7758937971254	7.8145241285071
1369	-86.9204447391472	7.82904844761811
1370	-87.0651181953971	7.84359907922951
1371	-87.2099141829984	7.8581763773168
1372	-87.3548327190746	7.87278069585544
1373	-87.4998738207491	7.88741238882091
1374	-87.6450375051455	7.90207181018869
1375	-87.7903237893871	7.91675931393426
1376	-87.9357326905974	7.93147525403309
1377	-88.0812642258998	7.94621998446066
1378	-88.2269184124178	7.96099385919245
1379	-88.3726952672748	7.97579723220393
1380	-88.5185948075943	7.99063045747059
1381	-88.6646170504997	8.00549388896789
1382	-88.8107620131145	8.02038788067133
1383	-88.957029712562	8.03531278655637
1384	-89.1034201659658	8.05026896059849
1385	-89.2499333904493	8.06525675677317
1386	-89.396569403136	8.08027652905588
1387	-89.5433282211493	8.09532863142211
1388	-89.6902098616125	8.11041341784733
1389	-89.8372143416493	8.12553124230702
1390	-89.984341678383	8.14068245877666
1391	-90.131591888937	8.15586742123171
1392	-90.2789649904349	8.17108648364767
1393	-90.426461	8.18634
1394	-90.5740799328665	8.20162828831985
1395	-90.7218217967109	8.21695152286101
1396	-90.8696865973206	8.23230984193293
1397	-91.0176743404828	8.24770338384507
1398	-91.1657850319847	8.26313228690687
1399	-91.3140186776136	8.2785966894278
1400	-91.4623752831568	8.2940967297173
1401	-91.6108548544015	8.30963254608483
1402	-91.7594573971351	8.32520427683984
1403	-91.9081829171447	8.3408120602918
1404	-92.0570314202176	8.35645603475014
1405	-92.2060029121411	8.37213633852432
1406	-92.3550973987024	8.3878531099238
1407	-92.5043148856888	8.40360648725804
1408	-92.6536553788876	8.41939660883648
1409	-92.8031188840861	8.43522361296857
1410	-92.9527054070714	8.45108763796378
1411	-93.1024149536309	8.46698882213155
1412	-93.2522475295518	8.48292730378134
1413	-93.4022031406213	8.4989032212226
1414	-93.5522817926268	8.51491671276479
1415	-93.7024834913555	8.53096791671736
1416	-93.8528082425946	8.54705697138976
1417	-94.0032560521314	8.56318401509144
1418	-94.1538269257533	8.57934918613187
1419	-94.3045208692473	8.59555262282049
1420	-94.4553378884009	8.61179446346676
1421	-94.6062779890012	8.62807484638013
1422	-94.7573411768356	8.64439390987005
1423	-94.9085274576912	8.66075179224598
1424	-95.0598368373554	8.67714863181737
1425	-95.2112693216153	8.69358456689368
1426	-95.3628249162584	8.71005973578435
1427	-95.5145036270718	8.72657427679885
1428	-95.6663054598428	8.74312832824662
1429	-95.8182304203586	8.75972202843712
1430	-95.9702785144065	8.77635551567981
1431	-96.1224497477738	8.79302892828413
1432	-96.2747441262478	8.80974240455954
1433	-96.4271616556157	8.8264960828155
1434	-96.5797023416647	8.84329010136145
1435	-96.7323661901821	8.86012459850685
1436	-96.8851532069552	8.87699971256116
1437	-97.0380633977712	8.89391558183382
1438	-97.1910967684175	8.9108723446343
1439	-97.3442533246812	8.92787013927204
1440	-97.4975330723497	8.9449091040565
1441	-97.6509360172101	8.96198937729713
1442	-97.8044621650498	8.97911109730338
1443	-97.9581115216559	8.99627440238472
1444	-98.1118840928159	9.01347943085059
1445	-98.2657798843169	9.03072632101044
1446	-98.4197989019462	9.04801521117373
1447	-98.573941151491	9.06534623964992
1448	-98.7282066387387	9.08271954474846
1449	-98.8825953694764	9.10013526477879
1450	-99.0371073494915	9.11759353805038
1451	-99.1917425845712	9.13509450287268
1452	-99.3465010805027	9.15263829755513
1453	-99.5013828430734	9.17022506040721
1454	-99.6563878780704	9.18785492973835
1455	-99.8115161912811	9.20552804385801
1456	-99.9667677884927	9.22324454107565
1457	-100.122142675492	9.24100455970071
1458	-100.277640858068	9.25880823804266
1459	-100.433262342006	9.27665571441095
1460	-100.589007133093	9.29454712711503
1461	-100.744875237118	9.31248261446435
1462	-100.900866659868	9.33046231476836
1463	-101.056981407129	9.34848636633652
1464	-101.213219484689	9.3665549074783
1465	-101.369580898336	9.38466807650313
1466	-101.526065653856	9.40282601172046
1467	-101.682673757037	9.42102885143977
1468	-101.839405213666	9.43927673397049
1469	-101.99626002953	9.45756979762208
1470	-102.153238210417	9.475908180704
1471	-102.310339762113	9.4942920215257
1472	-102.467564690407	9.51272145839663
1473	-102.624913001085	9.53119662962624
1474	-102.782384699934	9.549717673524
1475	-102.939979792743	9.56828472839935
1476	-103.097698285297	9.58689793256174
1477	-103.255540183385	9.60555742432064
1478	-103.413505492794	9.62426334198549
1479	-103.571594219311	9.64301582386575
1480	-103.729806368722	9.66181500827086
1481	-103.888141946817	9.6806610335103
1482	-104.04660095938	9.6995540378935
1483	-104.205183412201	9.71849415972992
1484	-104.363889311066	9.73748153732902
1485	-104.522718661763	9.75651630900024
1486	-104.681671470078	9.77559861305305
1487	-104.840747741799	9.7947285877969
1488	-104.999947482714	9.81390637154123
1489	-105.159270698609	9.83313210259551
1490	-105.318717395272	9.85240591926918
1491	-105.47828757849	9.87172795987171
1492	-105.63798125405	9.89109836271254
1493	-105.79779842774	9.91051726610112
1494	-105.957739105347	9.92998480834692
1495	-106.117803292657	9.94950112775938
1496	-106.27799099546	9.96906636264796
1497	-106.43830221954	9.98868065132211
1498	-106.598736970687	10.0083441320913
1499	-106.759295254687	10.0280569432649
1500	-106.919977077327	10.0478192231525
1501	-107.080782444395	10.0676311100635
1502	-107.241711361677	10.0874927423073
1503	-107.402763834962	10.1074042581934
1504	-107.563939870037	10.1273657960313
1505	-107.725239472688	10.1473774941303
1506	-107.886662648703	10.1674394908
1507	-108.048209403869	10.1875519243498
1508	-108.209879743974	10.2077149330892
1509	-108.371673674805	10.2279286553276
1510	-108.533591202148	10.2481932293744
1511	-108.695632331792	10.2685087935392
1512	-108.857797069523	10.2888754861314
1513	-109.02008542113	10.3092934454604
1514	-109.182497392398	10.3297628098356
1515	-109.345032989115	10.3502837175666
1516	-109.50769221707	10.3708563069628
1517	-109.670475082048	10.3914807163336
1518	-109.833381589837	10.4121570839886
1519	-109.996411746224	10.432885548237
1520	-110.159565556997	10.4536662473885
1521	-110.322843027943	10.4744993197525
1522	-110.486244164849	10.4953849036383
1523	-110.649768973503	10.5163231373555
1524	-110.813417459691	10.5373141592136
1525	-110.977189629201	10.5583581075219
1526	-111.141085487821	10.5794551205899
1527	-111.305105041337	10.6006053367271
1528	-111.469248295536	10.6218088942429
1529	-111.633515256207	10.6430659314468
1530	-111.797905929135	10.6643765866483
1531	-111.96242032011	10.6857409981568
1532	-112.127058434917	10.7071593042817
1533	-112.291820279344	10.7286316433325
1534	-112.456705859178	10.7501581536186
1535	-112.621715180207	10.7717389734496
1536	-112.786848248218	10.7933742411348
1537	-112.952105068997	10.8150640949837
1538	-113.117485648334	10.8368086733058
1539	-113.282989992013	10.8586081144106
1540	-113.448618105824	10.8804625566074
1541	-113.614369995552	10.9023721382057
1542	-113.780245666987	10.924336997515
1543	-113.946245125913	10.9463572728448
1544	-114.11236837812	10.9684331025044
1545	-114.278615429394	10.9905646248034
1546	-114.444986285522	11.0127519780511
1547	-114.611480952292	11.0349953005572
1548	-114.77809943549	11.0572947306309
1549	-114.944841740905	11.0796504065818
1550	-115.111707874324	11.1020624667193
1551	-115.278697841533	11.1245310493528
1552	-115.44581164832	11.1470562927919
1553	-115.613049300473	11.169638335346
1554	-115.780410803778	11.1922773153244
1555	-115.947896164022	11.2149733710368
1556	-116.115505386994	11.2377266407925
1557	-116.28323847848	11.2605372629009
1558	-116.451095444268	11.2834053756716
1559	-116.619076290144	11.306331117414
1560	-116.787181021897	11.3293146264376
1561	-116.955409645313	11.3523560410517
1562	-117.123762166179	11.3754554995659
1563	-117.292238590283	11.3986131402896
1564	-117.460838923413	11.4218291015323
1565	-117.629563171355	11.4451035216034
1566	-117.798411339896	11.4684365388123
1567	-117.967383434825	11.4918282914686
1568	-118.136479461927	11.5152789178816
1569	-118.305699426991	11.5387885563609
1570	-118.475043335804	11.5623573452159
1571	-118.644511194153	11.585985422756
1572	-118.814103007824	11.6096729272906
1573	-118.983818782607	11.6334199971294
1574	-119.153658524287	11.6572267705816
1575	-119.323622238652	11.6810933859567
1576	-119.493709931489	11.7050199815643
1577	-119.663921608586	11.7290066957137
1578	-119.83425727573	11.7530536667145
1579	-120.004716938708	11.777161032876
1580	-120.175300603307	11.8013289325077
1581	-120.346008275314	11.8255575039191
1582	-120.516839960517	11.8498468854196
1583	-120.687795664704	11.8741972153187
1584	-120.858875393661	11.8986086319258
1585	-121.030079153175	11.9230812735504
1586	-121.201406949035	11.947615278502
1587	-121.372858787026	11.9722107850899
1588	-121.544434672937	11.9968679316237
1589	-121.716134612554	12.0215868564128
1590	-121.887958611666	12.0463676977666
1591	-122.059906676059	12.0712105939947
1592	-122.23197881152	12.0961156834064
1593	-122.404175023836	12.1210831043112
1594	-122.576495318796	12.1461129950186
1595	-122.748939702186	12.171205493838
1596	-122.921508179793	12.1963607390789
1597	-123.094200757406	12.2215788690507
1598	-123.26701744081	12.2468600220629
1599	-123.439958235793	12.2722043364249
1600	-123.613023148143	12.2976119504462
1601	-123.786212183647	12.3230830024363
1602	-123.959525348092	12.3486176307045
1603	-124.132962647265	12.3742159735604
1604	-124.306524086954	12.3998781693134
1605	-124.480209672945	12.425604356273
1606	-124.654019411027	12.4513946727485
1607	-124.827953306986	12.4772492570496
1608	-125.00201136661	12.5031682474855
1609	-125.176193595685	12.5291517823659
1610	-125.3505	12.5552
1611	-125.524930585341	12.5813130386974
1612	-125.699485357496	12.6074910367676
1613	-125.874164322252	12.6337341325199
1614	-126.048967485396	12.6600424642639
1615	-126.223894852715	12.686416170309
1616	-126.398946429997	12.7128553889646
1617	-126.574122223029	12.7393602585402
1618	-126.749422237598	12.7659309173453
1619	-126.924846479492	12.7925675036893
1620	-127.100394954497	12.8192701558816
1621	-127.276067668402	12.8460390122318
1622	-127.451864626993	12.8728742110492
1623	-127.627785836057	12.8997758906433
1624	-127.803831301382	12.9267441893236
1625	-127.980001028755	12.9537792453996
1626	-128.156295023964	12.9808811971806
1627	-128.332713292795	13.0080501829762
1628	-128.509255841036	13.0352863410957
1629	-128.685922674474	13.0625898098487
1630	-128.862713798897	13.0899607275446
1631	-129.039629220091	13.1173992324928
1632	-129.216668943844	13.1449054630028
1633	-129.393832975943	13.1724795573841
1634	-129.571121322175	13.2001216539461
1635	-129.748533988329	13.2278318909983
1636	-129.92607098019	13.2556104068501
1637	-130.103732303546	13.2834573398109
1638	-130.281517964185	13.3113728281903
1639	-130.459427967894	13.3393570102977
1640	-130.637462320459	13.3674100244425
1641	-130.815621027669	13.3955320089341
1642	-130.99390409531	13.4237231020821
1643	-131.17231152917	13.4519834421959
1644	-131.350843335036	13.480313167585
1645	-131.529499518696	13.5087124165587
1646	-131.708280085936	13.5371813274266
1647	-131.887185042543	13.5657200384981
1648	-132.066214394306	13.5943286880827
1649	-132.245368147011	13.6230074144898
1650	-132.424646306446	13.6517563560288
1651	-132.604048878398	13.6805756510093
1652	-132.783575868653	13.7094654377406
1653	-132.963227283001	13.7384258545323
1654	-133.143003127226	13.7674570396937
1655	-133.322903407118	13.7965591315344
1656	-133.502928128463	13.8257322683638
1657	-133.683077297048	13.8549765884913
1658	-133.863350918661	13.8842922302264
1659	-134.043748999089	13.9136793318786
1660	-134.224271544119	13.9431380317572
1661	-134.404918559538	13.9726684681719
1662	-134.585690051135	14.0022707794319
1663	-134.766586024695	14.0319451038468
1664	-134.947606486007	14.061691579726
1665	-135.128751440857	14.091510345379
1666	-135.310020895032	14.1214015391152
1667	-135.491414854321	14.151365299244
1668	-135.67293332451	14.181401764075
1669	-135.854576311387	14.2115110719176
1670	-136.036343820739	14.2416933610813
1671	-136.218235858352	14.2719487698754
1672	-136.400252430015	14.3022774366095
1673	-136.582393541515	14.3326794995929
1674	-136.764659198638	14.3631550971353
1675	-136.947049407173	14.3937043675459
1676	-137.129564172906	14.4243274491343
1677	-137.312203501624	14.4550244802099
1678	-137.494967399116	14.4857955990821
1679	-137.677855871168	14.5166409440605
1680	-137.860868923567	14.5475606534545
1681	-138.044006562101	14.5785548655735
1682	-138.227268792556	14.6096237187269
1683	-138.410655620721	14.6407673512243
1684	-138.594167052383	14.6719859013751
1685	-138.777803093328	14.7032795074888
1686	-138.961563749344	14.7346483078747
1687	-139.145449026219	14.7660924408424
1688	-139.329458929739	14.7976120447013
1689	-139.513593465692	14.8292072577608
1690	-139.697852639865	14.8608782183304
1691	-139.882236458045	14.8926250647196
1692	-140.066744926019	14.9244479352379
1693	-140.251378049576	14.9563469681946
1694	-140.436135834502	14.9883223018992
1695	-140.621018286584	15.0203740746612
1696	-140.806025411609	15.05250242479
1697	-140.991157215366	15.0847074905951
1698	-141.176413703641	15.116989410386
1699	-141.361794882221	15.149348322472
1700	-141.547300756893	15.1817843651627
1701	-141.732931333446	15.2142976767675
1702	-141.918686617666	15.2468883955958
1703	-142.10456661534	15.2795566599572
1704	-142.290571332256	15.312302608161
1705	-142.476700774201	15.3451263785167
1706	-142.662954946962	15.3780281093338
1707	-142.849333856327	15.4110079389217
1708	-143.035837508082	15.4440660055898
1709	-143.222465908016	15.4772024476478
1710	-143.409219061914	15.5104174034048
1711	-143.596096975565	15.5437110111706
1712	-143.783099654756	15.5770834092544
1713	-143.970227105274	15.6105347359657
1714	-144.157479332907	15.6440651296141
1715	-144.344856343441	15.6776747285088
1716	-144.532358142664	15.7113636709595
1717	-144.719984736363	15.7451320952756
1718	-144.907736130325	15.7789801397664
1719	-145.095612330338	15.8129079427416
1720	-145.283613342189	15.8469156425104
1721	-145.471739171665	15.8810033773824
1722	-145.659989824553	15.915171285667
1723	-145.848365306641	15.9494195056738
1724	-146.036865623716	15.983748175712
1725	-146.225490781565	16.0181574340912
1726	-146.414240785976	16.0526474191209
1727	-146.603115642735	16.0872182691104
1728	-146.79211535763	16.1218701223693
1729	-146.981239936449	16.156603117207
1730	-147.170489384978	16.191417391933
1731	-147.359863709005	16.2263130848566
1732	-147.549362914316	16.2612903342874
1733	-147.7389870067	16.2963492785349
1734	-147.928735991944	16.3314900559084
1735	-148.118609875835	16.3667128047174
1736	-148.308608664159	16.4020176632714
1737	-148.498732362705	16.4374047698798
1738	-148.688980977259	16.4728742628521
1739	-148.87935451361	16.5084262804977
1740	-149.069852977543	16.5440609611261
1741	-149.260476374847	16.5797784430468
1742	-149.451224711308	16.6155788645691
1743	-149.642097992714	16.6514623640026
1744	-149.833096224853	16.6874290796567
1745	-150.024219413511	16.7234791498409
1746	-150.215467564475	16.7596127128646
1747	-150.406840683534	16.7958299070372
1748	-150.598338776474	16.8321308706682
1749	-150.789961849082	16.8685157420671
1750	-150.981709907146	16.9049846595434
1751	-151.173582956452	16.9415377614064
1752	-151.36558100279	16.9781751859657
1753	-151.557704051944	17.0148970715306
1754	-151.749952109704	17.0517035564106
1755	-151.942325181855	17.0885947789153
1756	-152.134823274186	17.125570877354
1757	-152.327446392483	17.1626319900362
1758	-152.520194542534	17.1997782552714
1759	-152.713067730126	17.2370098113689
1760	-152.906065961047	17.2743267966384
1761	-153.099189241083	17.3117293493891
1762	-153.292437576022	17.3492176079306
1763	-153.485810971651	17.3867917105723
1764	-153.679309433757	17.4244517956237
1765	-153.872932968129	17.4621980013942
1766	-154.066681580552	17.5000304661933
1767	-154.260555276814	17.5379493283304
1768	-154.454554062702	17.5759547261151
1769	-154.648677944005	17.6140467978566
1770	-154.842926926508	17.6522256818646
1771	-155.037301015999	17.6904915164484
1772	-155.231800218266	17.7288444399175
1773	-155.426424539096	17.7672845905813
1774	-155.621173984276	17.8058121067494
1775	-155.816048559593	17.8444271267311
1776	-156.011048270834	17.883129788836
1777	-156.206173123787	17.9219202313734
1778	-156.40142312424	17.9607985926528
1779	-156.596798277978	17.9997650109838
1780	-156.79229859079	18.0388196246756
1781	-156.987924068463	18.0779625720378
1782	-157.183674716784	18.1171939913799
1783	-157.379550541541	18.1565140210113
1784	-157.57555154852	18.1959227992414
1785	-157.771677743509	18.2354204643797
1786	-157.967929132295	18.2750071547356
1787	-158.164305720665	18.3146830086187
1788	-158.360807514407	18.3544481643383
1789	-158.557434519308	18.3943027602039
1790	-158.754186741155	18.434246934525
1791	-158.951064185736	18.4742808256111
1792	-159.148066858837	18.5144045717714
1793	-159.345194766246	18.5546183113157
1794	-159.542447913751	18.5949221825532
1795	-159.739826307138	18.6353163237934
1796	-159.937329952194	18.6758008733458
1797	-160.134958854708	18.7163759695199
1798	-160.332713020466	18.757041750625
1799	-160.530592455256	18.7977983549707
1800	-160.728597164864	18.8386459208664
1801	-160.926727155078	18.8795845866216
1802	-161.124982431686	18.9206144905457
1803	-161.323363000474	18.9617357709481
1804	-161.52186886723	19.0029485661383
1805	-161.720500037741	19.0442530144258
1806	-161.919256517795	19.0856492541201
1807	-162.118138313178	19.1271374235305
1808	-162.317145429678	19.1687176609665
1809	-162.516277873082	19.2103901047377
1810	-162.715535649178	19.2521548931533
1811	-162.914918763752	19.294012164523
1812	-163.114427222592	19.3359620571561
1813	-163.314061031485	19.3780047093621
1814	-163.513820196219	19.4201402594504
1815	-163.713704722581	19.4623688457306
1816	-163.913714616357	19.504690606512
1817	-164.113849883336	19.5471056801041
1818	-164.314110529304	19.5896142048164
1819	-164.514496560049	19.6322163189583
1820	-164.715007981358	19.6749121608393
1821	-164.915644799018	19.7177018687688
1822	-165.116407018817	19.7605855810563
1823	-165.317294646541	19.8035634360112
1824	-165.518307687979	19.846635571943
1825	-165.719446148917	19.8898021271612
1826	-165.920710035142	19.9330632399751
1827	-166.122099352443	19.9764190486943
1828	-166.323614106605	20.0198696916282
1829	-166.525254303417	20.0634153070863
1830	-166.727019948666	20.1070560333779
1831	-166.928911048138	20.1507920088127
1832	-167.130927607621	20.1946233716999
1833	-167.333069632903	20.2385502603491
1834	-167.535337129771	20.2825728130697
1835	-167.737730104012	20.3266911681712
1836	-167.940248561412	20.3709054639631
1837	-168.14289250776	20.4152158387547
1838	-168.345661948843	20.4596224308555
1839	-168.548556890448	20.5041253785751
1840	-168.751577338362	20.5487248202228
1841	-168.954723298373	20.5934208941081
1842	-169.157994776267	20.6382137385404
1843	-169.361391777833	20.6831034918292
1844	-169.564914308856	20.728090292284
1845	-169.768562375126	20.7731742782142
1846	-169.972335982428	20.8183555879293
1847	-170.17623513655	20.8636343597387
1848	-170.380259843279	20.9090107319519
1849	-170.584410108403	20.9544848428783
1850	-170.788685937709	21.0000568308274
1851	-170.993087336984	21.0457268341086
1852	-171.197614312016	21.0914949910314
1853	-171.402266868591	21.1373614399052
1854	-171.607045012497	21.1833263190395
1855	-171.811948749521	21.2293897667438
1856	-172.01697808545	21.2755519213275
1857	-172.222133026072	21.3218129211
1858	-172.427413577175	21.3681729043709
1859	-172.632819744544	21.4146320094495
1860	-172.838351533968	21.4611903746453
1861	-173.044008951233	21.5078481382678
1862	-173.249792002128	21.5546054386264
1863	-173.455700692439	21.6014624140306
1864	-173.661735027953	21.6484192027898
1865	-173.867895014458	21.6954759432135
1866	-174.074180657741	21.7426327736112
1867	-174.280591963589	21.7898898322922
1868	-174.48712893779	21.8372472575661
1869	-174.693791586131	21.8847051877422
1870	-174.900579914399	21.9322637611302
1871	-175.107493928381	21.9799231160393
1872	-175.314533633865	22.0276833907791
1873	-175.521699036638	22.075544723659
1874	-175.728990142486	22.1235072529884
1875	-175.936406957199	22.1715711170769
1876	-176.143949486561	22.2197364542339
1877	-176.351617736362	22.2680034027688
1878	-176.559411712388	22.316372100991
1879	-176.767331420426	22.3648426872101
1880	-176.975376866264	22.4134152997355
1881	-177.183548055689	22.4620900768766
1882	-177.391844994488	22.5108671569429
1883	-177.600267688449	22.5597466782439
1884	-177.808816143359	22.6087287790889
1885	-178.017490365004	22.6578135977876
1886	-178.226290359173	22.7070012726492
1887	-178.435216131652	22.7562919419833
1888	-178.644267688229	22.8056857440993
1889	-178.853445034691	22.8551828173066
1890	-179.062748176825	22.9047832999148
1891	-179.272177120419	22.9544873302333
1892	-179.48173187126	23.0042950465715
1893	-179.691412435134	23.0542065872389
1894	-179.901218817831	23.1042220905449
1895	-180.111151025135	23.154341694799
1896	-180.321209062836	23.2045655383106
1897	-180.53139293672	23.2548937593893
1898	-180.741702652574	23.3053264963444
1899	-180.952138216186	23.3558638874854
1900	-181.162699633342	23.4065060711218
1901		
